YEAR	MONTH	POPN	SPIR	SPIROFF	MONTHN	SPIRSUM	POPSUM
1968	1	1137536	219784	0	1	38448283	122668730
1968	2	1138147	228169	0	2	40892275	122843794
1968	3	1138744	255567	0	3	47456672	123008526
1968	4	1139408	245724	0	4	41839056	123185652
1968	5	1140077	263891	0	5	49298219	123358096
1968	6	1140796	240459	0	6	43835984	123537370
1968	7	1141518	243832	0	7	43425027	123711914
1968	8	1142293	265667	0	8	46549207	123893371
1968	9	1143097	235055	0	9	44690013	124075957
1968	10	1143902	268892	0	10	50295146	124253741
1968	11	1144763	290573	0	11	55604576	124438583
1968	12	1145625	381255	0	12	68950670	124618569
1969	1	1146545	238152	0	13	41219070	124805711
1969	2	1147495	227889	0	14	41211852	124994035
1969	3	1148380	255426	0	15	47127269	125165164
1969	4	1149388	259277	0	16	48072496	125355783
1969	5	1150394	271195	0	17	49844363	125541404
1969	6	1151464	234239	0	18	51367929	125734426
1969	7	1152530	249848	0	19	47272798	125922407
1969	8	1153663	271011	0	20	45734986	126117882
1969	9	1154828	248180	0	21	43929158	126314621
1969	10	1155987	284122	0	22	51992775	126506230
1969	11	1157217	287069	0	23	54963214	126705496
1969	12	1158438	405837	0	24	73797871	126899561
1970	1	1159734	254012	0	25	44224204	127101389
1970	2	1161062	233977	0	26	41145472	127304537
1970	3	1162292	262539	0	27	50762947	127489169
1970	4	1163686	266198	0	28	50055566	127694861
1970	5	1165068	267822	0	29	47024301	127895203
1970	6	1166529	257177	0	30	48750370	128103532
1970	7	1167975	276427	0	31	47345919	128306392
1970	8	1169501	266391	0	32	44780312	128517288
1970	9	1171059	264976	0	33	48876648	128729453
1970	10	1172597	313691	0	34	51727291	128935961
1970	11	1174216	288558	0	35	55601402	129150560
1970	12	1175812	448533	0	36	80366083	129359392
1971	1	1177490	277509	0	37	42571236	129576349
1971	2	1179196	252333	0	38	42460710	129794468
1971	3	1180762	328919	0	39	51083960	129992470
1971	4	1182521	273463	0	40	49860847	130212749
1971	5	1184249	337218	0	41	48472524	130426976
1971	6	1186061	261113	0	42	55049721	130649410
1971	7	1187838	340827	0	43	49768226	130865682
1971	8	1189699	268984	0	44	48572500	131090184
1971	9	1191585	270563	0	45	48506719	131315708
1971	10	1193432	327722	0	46	52080629	131534906
1971	11	1195363	308867	0	47	61050763	131762374
1971	12	1197253	505766	0	48	80600824	131983421
1972	1	1199227	274598	0	49	42516957	132212749
1972	2	1201223	264387	0	50	42378640	132442996
1972	3	1203108	256767	0	51	52061163	132659199
1972	4	1205142	277556	0	52	45644447	132891164
1972	5	1207129	293758	0	53	50753298	133116447
1972	6	1209200	303927	0	54	55584667	133350064
1972	7	1211221	330060	0	55	45230396	133576914
1972	8	1213326	298732	0	56	47240424	133812111
1972	9	1215448	311985	0	57	47637431	134048069
1972	10	1217516	309550	0	58	50617153	134277133
1972	11	1219669	334163	0	59	60642711	134514551
1972	12	1221765	495312	0	60	78640146	134744973
1973	1	1223945	283807	0	61	46148032	134983759
1973	2	1226139	274100	0	62	43446289	135223203
1973	3	1228131	318725	0	63	52634920	135440031
1973	4	1230347	299348	0	64	48306019	135680684
1973	5	1232503	318538	0	65	53092531	135914148
1973	6	1234742	311458	0	66	53782465	136155966
1973	7	1236917	296928	0	67	47234948	136390517
1973	8	1239174	316672	0	68	52003121	136633419
1973	9	1241440	295570	0	69	46361754	136876840
1973	10	1243641	304638	0	70	54440734	137112883
1973	11	1245922	334601	0	71	62884189	137357264
1973	12	1248136	529326	0	72	78749814	137594194
1974	1	1250430	270168	0	73	46737501	137839448
1974	2	1252729	278470	0	74	44690814	138085124
1974	3	1254810	329933	0	75	53722116	138307353
1974	4	1257118	316622	0	76	52810420	138553755
1974	5	1259354	327940	0	77	53873722	138792546
1974	6	1261668	316347	0	78	53864591	139039618
1974	7	1263910	323471	0	79	51455989	139279019
1974	8	1266228	351181	0	80	51139793	139526684
1974	9	1268547	307478	0	81	47802370	139774617
1974	10	1270791	350372	0	82	56160589	140014789
1974	11	1273110	373738	0	83	62989816	140263186
1974	12	1275353	519685	0	84	78863279	140503772
1975	1	1277669	305779	0	85	49173119	140752558
1975	2	1279982	295097	0	86	42266517	141001504
1975	3	1282070	346080	0	87	51433648	141226486
1975	4	1284377	338490	0	88	52241813	141475689
1975	5	1286606	360769	0	89	53436089	141716949
1975	6	1288905	325871	0	90	56472873	141966331
1975	7	1291124	349414	0	91	52582773	142207724
1975	8	1293411	359001	0	92	50322444	142457205
1975	9	1295691	334714	0	93	51013036	142706708
1975	10	1297890	372330	0	94	57799585	142948157
1975	11	1300155	380453	0	95	62332892	143197632
1975	12	1302339	556638	0	96	83797634	143439013
1976	1	1304585	332197	0	97	47487323	143688383
1976	2	1306822	305636	0	98	44165435	143937660
1976	3	1308905	347309	0	99	56309357	144170762
1976	4	1311120	342451	0	100	51946944	144419813
1976	5	1313253	351009	0	101	51465386	144660687
1976	6	1315444	331616	0	102	57624996	144909432
1976	7	1317552	366181	0	103	51913304	145149966
1976	8	1319716	339430	0	104	50038305	145398307
1976	9	1321866	349230	0	105	52358874	145646422
1976	10	1323932	380495	0	106	54054291	145886287
1976	11	1326051	379977	0	107	66054361	146133881
1976	12	1328085	570318	0	108	84114270	146373207
1977	1	1330171	262362	0	109	43527374	146620198
1977	2	1332239	292506	0	110	42269310	146866849
1977	3	1334091	332652	0	111	55303971	147089332
1977	4	1336123	358298	0	112	50016637	147335280
1977	5	1338071	325142	0	113	49322585	147572919
1977	6	1340063	333971	0	114	58444772	147818068
1977	7	1341971	334122	0	115	46469518	148054888
1977	8	1343922	345730	0	116	50022439	148299147
1977	9	1345850	343695	0	117	51654903	148542929
1977	10	1347694	388434	0	118	52463964	148778362
1977	11	1349576	384764	0	119	66223394	149021130
1977	12	1351374	578668	0	120	82166610	149255545
1978	1	1353208	296935	0	121	45883428	149497214
1978	2	1355016	290000	0	122	45222388	149738294
1978	3	1356626	362394	0	123	57515335	149955529
1978	4	1358383	328521	0	124	50870511	150195438
1978	5	1360058	350131	0	125	51432907	150426988
1978	6	1361760	338867	0	126	58341626	150665598
1978	7	1363380	324350	0	127	47935373	150895852
1978	8	1365025	351082	0	128	53722430	151133080
1978	9	1366640	343531	0	129	51255487	151369579
1978	10	1368174	354622	0	130	56495830	151597732
1978	11	1369728	355251	0	131	66848106	151832726
1978	12	1371201	527060	0	132	79288972	152059377
1979	1	1372691	345421	0	133	48141918	152292783
1979	2	1374147	309193	0	134	45644962	152525354
1979	3	1375434	358709	0	135	56366636	152734677
1979	4	1376825	329583	0	136	51907720	152965594
1979	5	1378138	334902	0	137	53496685	153188202
1979	6	1379459	345696	0	138	55764807	153417326
1979	7	1380702	333766	0	139	48840879	153638163
1979	8	1381951	353249	0	140	54268936	153865420
1979	9	1383161	332287	0	141	50604463	154091690
1979	10	1384296	366746	0	142	58176041	154309700
1979	11	1385430	385441	0	143	66895116	154533976
1979	12	1386489	505370	0	144	81054253	154750017
1980	1	1387544	356939	0	145	49886493	154972212
1980	2	1388558	321388	0	146	48176331	155193318
1980	3	1389469	351735	0	147	52082797	155399157
1980	4	1390401	338285	0	148	53454827	155618098
1980	5	1391262	344567	0	149	52025492	155828887
1980	6	1392111	293943	0	150	56472473	156045583
1980	7	1392891	316467	0	151	54824922	156254216
1980	8	1393657	330588	0	152	51291160	156468720
1980	9	1394383	318155	0	153	52359278	156682123
1980	10	1395046	352860	0	154	57682680	156887618
1980	11	1395692	330667	0	155	64453022	157098906
1980	12	1396280	493805	0	156	82248104	157302379
1981	1	1396849	332070	0	157	49323253	157511614
1981	2	1397380	275049	0	158	46564612	157719825
1981	3	1397828	320350	0	159	53942710	157907014
1981	4	1398288	306006	0	160	55884062	158113308
1981	5	1398698	313607	0	161	51965492	158312011
1981	6	1399086	277919	0	162	57182813	158516385
1981	7	1399428	312748	0	163	54148961	158713253
1981	8	1399747	289651	0	164	50139480	158915757
1981	9	1400031	279958	0	165	52427300	159117325
1981	10	1400274	335256	0	166	58529897	159311529
1981	11	1400493	297191	0	167	63656818	159511313
1981	12	1400673	463098	0	168	81649949	159703813
1982	1	1400827	271799	0	169	46281209	159901871
1982	2	1400949	223176	0	170	45597301	160099067
1982	3	1401033	258246	0	171	53957198	160276448
1982	4	1401096	264935	0	172	54571633	160472049
1982	5	1401129	249942	0	173	50272058	160660558
1982	6	1401133	243867	0	174	56377994	160854560
1982	7	1401110	263062	0	175	50497114	161041552
1982	8	1401058	241557	0	176	49452726	161234012
1982	9	1400978	249089	0	177	52801916	161425710
1982	10	1400874	266743	0	178	54857343	161610507
1982	11	1400741	255183	0	179	65381399	161800745
1982	12	1400586	400413	0	180	78013647	161984157
1983	1	1400401	218338	0	181	44993022	162172991
1983	2	1400191	212275	0	182	43727844	162361128
1983	3	1399979	246318	0	183	54841981	162530473
1983	4	1399723	247260	0	184	50841388	162717331
1983	5	1399451	220247	0	185	51505006	162897538
1983	6	1399148	214903	0	186	58576631	163083126
1983	7	1398833	215650	0	187	47984659	163262128
1983	8	1398486	217814	0	188	51190860	163446502
1983	9	1398118	226329	0	189	51019490	163630272
1983	10	1397741	228142	0	190	51907253	163807565
1983	11	1397331	227852	0	191	65418934	163990207
1983	12	1396916	356270	0	192	76204506	164166428
1984	1	1396468	192054	0	193	46195200	164347991
1984	2	1396001	192780	0	194	46419853	164529021
1984	3	1395548	221925	0	195	51778696	164697912
1984	4	1395046	192985	0	196	49528885	164877969
1984	5	1394544	209656	0	197	51673535	165051744
1984	6	1394009	200806	0	198	55218327	165230857
1984	7	1393475	197895	0	199	47448080	165403759
1984	8	1392909	213739	0	200	50199278	165581979
1984	9	1392327	200882	0	201	49323374	165759768
1984	10	1391751	216378	0	202	57179958	165931430
1984	11	1391141	221458	0	203	63131946	166108417
1984	12	1390539	318970	0	204	74392329	166279321
1985	1	1389903	180381	0	205	42959975	166455555
1985	2	1389255	175256	0	206	45564832	166631428
1985	3	1388660	199102	0	207	47910483	166789983
1985	4	1387990	188916	0	208	48881840	166965206
1985	5	1387332	204197	0	209	51322612	167134477
1985	6	1386641	185576	0	210	51072123	167309084
1985	7	1385964	195070	0	211	48919771	167477783
1985	8	1385255	215140	0	212	52985019	167651831
1985	9	1384537	174018	0	213	74839784	167825611
1985	10	1383835	204105	0	214	44303482	167993551
1985	11	1383102	216770	0	215	49726488	168166855
1985	12	1382386	303924	0	216	70847923	168334354
1986	1	1381640	181749	0	217	38570915	168507235
1986	2	1380888	169673	0	218	40974761	168679917
1986	3	1380204	193731	0	219	46873333	168835736
1986	4	1379442	186365	0	220	46065577	169008087
1986	5	1378701	203020	0	221	46612056	169174726
1986	6	1377931	177799	0	222	51272388	169346792
1986	7	1377183	190791	0	223	49289197	169513185
1986	8	1376408	205047	0	224	46393276	169685010
1986	9	1375630	181689	0	225	48293691	169856733
1986	10	1374876	207213	0	226	50030191	170022846
1986	11	1374096	202539	0	227	55985545	170194419
1986	12	1373340	302176	0	228	73895136	170360404
1987	1	1372559	180920	0	229	40331227	170531882
1987	2	1371779	168743	0	230	42364184	170703331
1987	3	1371075	177229	0	231	47268227	170858176
1987	4	1370298	186356	0	232	45829890	171029608
1987	5	1369547	187448	0	233	45863135	171195517
1987	6	1368774	173884	0	234	50373637	171366989
1987	7	1368029	190692	0	235	45409094	171532963
1987	8	1367264	186721	0	236	43712092	171704523
1987	9	1366502	186228	0	237	47039488	171876151
1987	10	1365770	211980	0	238	46683919	172042320
1987	11	1365018	199180	0	239	56852785	172214120
1987	12	1364296	296974	0	240	72725709	172380485
1988	1	1363557	175663	0	241	37710920	172552514
1988	2	1362825	166159	0	242	39945773	172724679
1988	3	1362147	180369	0	243	46263835	172885874
1988	4	1361430	186707	0	244	45620411	173058349
1988	5	1360744	174973	0	245	45330376	173225429
1988	6	1360044	170722	0	246	49411637	173398263
1988	7	1359377	188865	0	247	42162980	173565718
1988	8	1358697	176205	0	248	44317906	173738977
1988	9	1358028	188984	0	249	45128484	173912466
1988	10	1357391	205350	0	250	46716606	174080593
1988	11	1356745	196266	0	251	58481279	174254590
1988	12	1356131	306780	0	252	67859041	174423225
1989	1	1355510	156452	0	253	37648454	174597771
1989	2	1354902	154887	0	254	40124139	174772620
1989	3	1354365	177446	0	255	45751765	174930824
1989	4	1353785	166378	0	256	42869372	175106290
1989	5	1353237	172888	0	257	46247253	175276424
1989	6	1352687	168800	0	258	47877835	175452583
1989	7	1352170	167700	0	259	41981610	175623413
1989	8	1351652	173974	0	260	45111517	175800313
1989	9	1351151	181650	0	261	43053057	175977614
1989	10	1350683	175149	0	262	46827604	176149592
1989	11	1350218	182479	0	263	56655496	176327726
1989	12	1349786	264843	0	264	65627885	176500531
1990	1	1349359	160520	0	265	38459445	176679544
1990	2	1348951	151114	0	266	39530036	176859026
1990	3	1348601	178375	1	267	43294869	177021557
1990	4	1348233	162021	1	268	43171395	177201969
1990	5	1347897	173374	1	269	46404526	177377051
1990	6	1347572	176496	1	270	48076633	177558460
1990	7	1347277	172845	1	271	44925529	177734497
1990	8	1346992	181875	1	272	44202345	177916895
1990	9	1346729	164483	1	273	41099063	178099783
1990	10	1346494	304683	1	274	46688692	178277239
1990	11	1346271	219901	1	275	55430913	178461082
1990	12	1346074	260900	1	276	72692766	178639457
1991	1	1345891	272717	1	277	37128641	178824243
1991	2	1345728	196618	1	278	32856606	179009504
1991	3	1345598	176428	1	279	39138775	179177239
1991	4	1345472	170908	1	280	42670660	179363386
1991	5	1345369	176525	1	281	43252122	179543967
1991	6	1345281	166389	1	282	43395395	179731008
1991	7	1345214	192584	1	283	43767630	179912449
1991	8	1345164	208991	1	284	42391433	180100374
1991	9	1345132	163791	1	285	40408162	180288748
1991	10	1345119	198742	1	286	46221982	180471460
1991	11	1345123	195322	1	287	49917655	180660689
1991	12	1345145	297232	1	288	59624766	180844222
1992	1	1345185	148079	1	289	35360814	181034289
1992	2	1345243	159246	1	290	36776674	181224782
1992	3	1345313	183829	1	291	41184776	181403359
1992	4	1345405	178475	1	292	43312825	181594651
1992	5	1345510	180052	1	293	42029181	181780162
1992	6	1345635	203143	1	294	45646497	181972259
1992	7	1345773	191245	1	295	43803849	182158537
1992	8	1345932	189730	1	296	41272017	182351410
1992	9	1346107	174726	1	297	42449372	182544676
1992	10	1346292	227687	1	298	44819398	182732075
1992	11	1346499	212453	1	299	51676931	182926093
1992	12	1346714	263098	1	300	60964471	183114218
1993	1	1346953	150254	1	301	34578939	183308983
1993	2	1347207	159272	1	302	36298822	183504114
1993	3	1347449	188978	1	303	42229498	183680679
1993	4	1347733	187991	1	304	42549590	183876504
1993	5	1348021	165378	1	305	39559126	184066354
1993	6	1348334	186594	1	306	43529507	184262873
1993	7	1348651	187264	1	307	40684167	184453388
1993	8	1348992	189044	1	308	39872638	184650598
1993	9	1349348	165230	1	309	39679476	184848144
1993	10	1349706	270366	1	310	43002098	185039637
1993	11	1350090	174651	1	311	49701330	185237838
1993	12	1350474	249180	1	312	58016741	185429962
1994	1	1350885	146042	1	313	34482754	185628799
1994	2	1351309	154623	1	314	35269021	185827963
1994	3	1351704	176322	1	315	41467194	186008119
1994	4	1352153	164979	1	316	38988812	186207876
1994	5	1352600	173753	1	317	39319611	186401481
1994	6	1353075	175086	1	318	42743429	186601834
1994	7	1353546	154805	1	319	37560187	186796008
1994	8	1354045	185493	1	320	39699447	186996944
1994	9	1354557	173513	1	321	40710759	187198167
1994	10	1355063	274085	1	322	42248678	187393176
1994	11	1355598	153787	1	323	51089855	187594952
1994	12	1356127	237921	1	324	56581429	187790494
1995	1	1356685	146443	1	325	32572851	187992816
1995	2	1357254	154248	1	326	35329530	188195403
1995	3	1357777	167320	1	327	38673118	188378610
1995	4	1358367	163453	1	328	38157308	188581699
1995	5	1358949	181272	1	329	40329978	188778480
1995	6	1359560	172681	1	330	42454306	188982064
1995	7	1360161	164036	1	331	37606601	189179315
1995	8	1360793	171197	1	332	39541105	189383380
1995	9	1361434	153932	1	333	39184135	189587687
1995	10	1362064	314263	1	334	41777650	189785622
1995	11	1362725	151028	1	335	49006868	189990384
1995	12	1363374	209587	1	336	53937922	190188757
1996	1	1364053	138572	1	337	34548325	190393954
1996	2	1364742	158182	1	338	36429321	190599368
1996	3	1365394	166135	1	339	39416208	190791726
1996	4	1366100	170028	1	340	38833395	190997549
1996	5	1366791	174000	1	341	41162114	191196927
1996	6	1367513	149383	1	342	41320811	191403152
1996	7	1368221	175557	1	343	40275937	191602903
1996	8	1368959	175745	1	344	38707415	191809512
1996	9	1369706	160967	1	345	38167831	192016301
1996	10	1370436	297420	1	346	44546054	192216588
1996	11	1371197	137831	1	347	47999056	192423736
1996	12	1371941	222614	1	348	54872930	192624361
1997	1	1372717	140449	1	349	34038786	192831845
1997	2	1373500	148607	1	350	34159451	193039494
1997	3	1374213	163882	1	351	39316955	193227187
1997	4	1375009	161082	1	352	41049739	193435140
1997	5	1375785	181882	1	353	40033092	193636530
1997	6	1376593	163180	1	354	41254612	193844784
1997	7	1377381	169213	1	355	41418066	194046447
1997	8	1378201	168512	1	356	38954697	194254981
1997	9	1379027	165631	1	357	38036015	194463650
1997	10	1379831	307566	1	358	44870506	194665705
1997	11	1380668	123073	1	359	47482172	194874630
1997	12	1381483	222380	1	360	56714200	195076927
1998	1	1382329	135652	1	361	33849102	195286088
1998	2	1383181	147065	1	362	34937635	195495359
1998	3	1383954	166562	1	363	39262954	195684479
1998	4	1384814	159149	1	364	40915661	195893955
1998	5	1385651	165842	1	365	39487895	196096777
1998	6	1386519	169243	1	366	44485468	196306453
1998	7	1387364	172222	1	367	41144360	196509460
1998	8	1388240	168162	1	368	39126123	196719316
1998	9	1389120	153643	1	369	39351460	196929264
1998	10	1389974	284679	1	370	43351099	197132509
1998	11	1390861	139477	1	371	47997359	197342605
1998	12	1391721	211933	1	372	56895208	197545992
1999	1	1392613	141968	1	373	34529550	197756229
1999	2	1393508	145606	1	374	34125563	197966529
1999	3	1394319	167073	1	375	42688761	198156525
1999	4	1395218	159261	1	376	40698260	198366935
1999	5	1396091	153056	1	377	39329186	198570603
1999	6	1396994	164590	1	378	47120789	198781108
1999	7	1397870	165285	1	379	40968559	198984864
1999	8	1398777	173487	1	380	40326324	199195446
1999	9	1399685	158240	1	381	40096175	199406065
1999	10	1400566	364298	1	382	44338777	199609915
1999	11	1401476	142992	1	383	34343423	199820593
1999	12	1402358	199962	1	384	15803956	200024489
2000	1	1403271	136262	1	385	35874554	200235201
2000	2	1404184	148321	1	386	40285371	200445921
2000	3	1405038	155090	1	387	44131170	200643057
2000	4	1405951	145274	1	388	41617789	200853794
2000	5	1406582	160881	1	389	42816071	201053867
2000	6	1407438	119947	1	390	49416540	201259851
2000	7	1408295	164672	1	391	40172467	201465836
2000	8	1409152	181913	1	392	45441372	201671820
2000	9	1410008	159849	1	393	40612555	201877799
2000	10	1410865	309590	1	394	46626188	202083784
2000	11	1411721	140405	1	395	53032667	202289766
2000	12	1412578	195597	1	396	57388017	202495748
