YEAR	MONTH	POPN	WINE	WINEOFF	MONTHN	WINESUM	POPSUM
1968	1	1811517	31340	0	1	10532899	122668730
1968	2	1812651	38834	0	2	10663709	122843794
1968	3	1813732	30659	0	3	13266957	123008526
1968	4	1814908	30659	0	4	10622152	123185652
1968	5	1816068	36790	0	5	11027527	123358096
1968	6	1817289	27933	0	6	10570372	123537370
1968	7	1818492	23164	0	7	9506183	123711914
1968	8	1819758	32021	0	8	10066211	123893371
1968	9	1821047	27252	0	9	10876277	124075957
1968	10	1822317	29977	0	10	12652426	124253741
1968	11	1823652	47010	0	11	12941981	124438583
1968	12	1824968	57911	0	12	13918959	124618569
1969	1	1826351	29674	0	13	9689778	124805711
1969	2	1827758	35730	0	14	9557698	124994035
1969	3	1829050	30280	0	15	12486612	125165164
1969	4	1830505	29674	0	16	10997229	125355783
1969	5	1831936	35125	0	17	10446712	125541404
1969	6	1833440	30280	0	18	10890189	125734426
1969	7	1834920	21196	0	19	10307843	125922407
1969	8	1836475	30280	0	20	10387673	126117882
1969	9	1838056	26646	0	21	11037741	126314621
1969	10	1839611	29069	0	22	11767595	126506230
1969	11	1841243	44814	0	23	11789141	126705496
1969	12	1842849	56321	0	24	15311003	126899561
1970	1	1844534	33308	0	25	11695705	127101389
1970	2	1846247	39364	0	26	10578731	127304537
1970	3	1847818	32702	0	27	14224664	127489169
1970	4	1849583	33308	0	28	11567368	127694861
1970	5	1851318	39364	0	29	11265769	127895203
1970	6	1853137	30280	0	30	12037109	128103532
1970	7	1854923	24830	0	31	10975896	128306392
1970	8	1856795	36942	0	32	10644026	128517288
1970	9	1858692	32097	0	33	12397844	128729453
1970	10	1860551	37547	0	34	13638112	128935961
1970	11	1862497	59349	0	35	14384208	129150560
1970	12	1864402	73278	0	36	17984503	129359392
1971	1	1866393	43603	0	37	13105790	129576349
1971	2	1868408	50870	0	38	12443865	129794468
1971	3	1870246	41786	0	39	15639016	129992470
1971	4	1872301	41181	0	40	13948784	130212749
1971	5	1874310	51476	0	41	12991938	130426976
1971	6	1876405	38758	0	42	14490801	130649410
1971	7	1878452	38153	0	43	12079298	130865682
1971	8	1880585	45420	0	44	12578310	131090184
1971	9	1882737	37547	0	45	13845833	131315708
1971	10	1884837	40575	0	46	14777249	131534906
1971	11	1887023	64194	0	47	17157252	131762374
1971	12	1889155	85390	0	48	20095625	131983421
1972	1	1891374	34576	0	49	12464364	132212749
1972	2	1893607	51590	0	50	12761831	132442996
1972	3	1895711	45004	0	51	16170582	132659199
1972	4	1897973	46650	0	52	13248087	132891164
1972	5	1900175	52138	0	53	14238718	133116447
1972	6	1902463	38418	0	54	15594314	133350064
1972	7	1904689	48297	0	55	11516547	133576914
1972	8	1907001	45004	0	56	13453901	133812111
1972	9	1909325	44455	0	57	13869907	134048069
1972	10	1911583	62566	0	58	15140984	134277133
1972	11	1913927	66408	0	59	17280304	134514551
1972	12	1916204	110314	0	60	18270385	134744973
1973	1	1918566	51590	0	61	14561974	134983759
1973	2	1920936	54334	0	62	13182775	135223203
1973	3	1923084	62017	0	63	16553660	135440031
1973	4	1925468	55431	0	64	14945606	135680684
1973	5	1927781	55431	0	65	15148671	135914148
1973	6	1930178	50492	0	66	14696984	136155966
1973	7	1932502	45004	0	67	12561674	136390517
1973	8	1934908	48845	0	68	14196457	136633419
1973	9	1937319	49394	0	69	13104294	136876840
1973	10	1939655	54334	0	70	16510304	137112883
1973	11	1942071	66408	0	71	16704587	137357264
1973	12	1944412	112509	0	72	17519594	137594194
1974	1	1946833	49394	0	73	14508189	137839448
1974	2	1949255	51590	0	74	12557117	138085124
1974	3	1951443	59273	0	75	16059720	138307353
1974	4	1953866	55980	0	76	14883584	138553755
1974	5	1956209	55431	0	77	14834740	138792546
1974	6	1958630	48845	0	78	14689849	139039618
1974	7	1960971	46101	0	79	13422065	139279019
1974	8	1963387	52687	0	80	14618503	139526684
1974	9	1965801	48297	0	81	13371573	139774617
1974	10	1968133	58175	0	82	16533903	140014789
1974	11	1970539	74640	0	83	16155765	140263186
1974	12	1972862	119644	0	84	19758248	140503772
1975	1	1975258	54334	0	85	14658019	140752558
1975	2	1977648	55980	0	86	13382002	141001504
1975	3	1979801	64213	0	87	17225425	141226486
1975	4	1982178	61468	0	88	15264469	141475689
1975	5	1984470	60920	0	89	15020791	141716949
1975	6	1986831	52687	0	90	15635475	141966331
1975	7	1989108	53236	0	91	14718394	142207724
1975	8	1991450	58724	0	92	13925340	142457205
1975	9	1993783	57627	0	93	14802360	142706708
1975	10	1996030	68054	0	94	17768212	142948157
1975	11	1998341	78482	0	95	17335733	143197632
1975	12	2000566	131169	0	96	21383319	143439013
1976	1	2002853	62017	0	97	14726617	143688383
1976	2	2005127	59273	0	98	13529636	143937660
1976	3	2007242	66408	0	99	18692429	144170762
1976	4	2009488	68603	0	100	16082767	144419813
1976	5	2011649	67505	0	101	15228796	144660687
1976	6	2013865	58724	0	102	16592628	144909432
1976	7	2015995	65859	0	103	13993391	145149966
1976	8	2018180	59273	0	104	14731561	145398307
1976	9	2020347	63115	0	105	15819336	145646422
1976	10	2022428	74640	0	106	16393953	145886287
1976	11	2024560	85068	0	107	19162772	146133881
1976	12	2026604	149829	0	108	21388259	146373207
1977	1	2028698	57127	0	109	12700750	146620198
1977	2	2030771	57615	0	110	12458573	146866849
1977	3	2032626	63963	0	111	17807512	147089332
1977	4	2034659	65428	0	112	13861845	147335280
1977	5	2036605	59568	0	113	14212905	147572919
1977	6	2038594	56639	0	114	15554168	147818068
1977	7	2040497	63474	0	115	13394573	148054888
1977	8	2042440	58592	0	116	14849604	148299147
1977	9	2044359	63963	0	117	14719238	148542929
1977	10	2046192	69334	0	118	15619601	148778362
1977	11	2048060	81052	0	119	17827044	149021130
1977	12	2049844	143550	0	120	20051090	149255545
1978	1	2051661	60057	0	121	13996113	149497214
1978	2	2053450	62986	0	122	13594276	149738294
1978	3	2055042	74705	0	123	18495966	149955529
1978	4	2056777	70310	0	124	15008292	150195438
1978	5	2058429	69822	0	125	15932088	150426988
1978	6	2060107	61033	0	126	16989183	150665598
1978	7	2061701	64939	0	127	14782227	150895852
1978	8	2063318	67869	0	128	15860799	151133080
1978	9	2064904	67869	0	129	15342751	151369579
1978	10	2066408	71775	0	130	17319246	151597732
1978	11	2067930	88376	0	131	18718126	151832726
1978	12	2069371	154292	0	132	20119449	152059377
1979	1	2070827	66892	0	133	15936479	152292783
1979	2	2072248	68845	0	134	13584997	152525354
1979	3	2073502	81052	0	135	18520869	152734677
1979	4	2074856	79587	0	136	16409610	152965594
1979	5	2076132	75681	0	137	16996020	153188202
1979	6	2077414	76658	0	138	16795341	153417326
1979	7	2078619	67381	0	139	15186019	153638163
1979	8	2079827	74705	0	140	15796837	153865420
1979	9	2080996	74216	0	141	15300273	154091690
1979	10	2082090	83982	0	142	18997413	154309700
1979	11	2083181	98141	0	143	20324518	154533976
1979	12	2084198	172358	0	144	21432881	154750017
1980	1	2085210	80564	0	145	16492127	154972212
1980	2	2086179	85935	0	146	15218733	155193318
1980	3	2087048	89841	0	147	18706408	155399157
1980	4	2087935	87399	0	148	17364654	155618098
1980	5	2088752	96188	0	149	17867084	155828887
1980	6	2089555	77634	0	150	17480371	156045583
1980	7	2090291	80075	0	151	17969618	156254216
1980	8	2091012	83493	0	152	16336860	156468720
1980	9	2091691	79099	0	153	16964765	156682123
1980	10	2092309	95212	0	154	21301534	156887618
1980	11	2092910	106442	0	155	20702438	157098906
1980	12	2093453	180658	0	156	24545082	157302379
1981	1	2093977	88376	0	157	17202550	157511614
1981	2	2094463	81052	0	158	15856893	157719825
1981	3	2094869	87888	0	159	19395351	157907014
1981	4	2095285	92770	0	160	18966653	158113308
1981	5	2095652	95700	0	161	18082895	158312011
1981	6	2095997	82517	0	162	19304044	158516385
1981	7	2096297	85446	0	163	17848036	158713253
1981	8	2096573	83493	0	164	16889090	158915757
1981	9	2096816	87888	0	165	19415856	159117325
1981	10	2097019	100094	0	166	21168244	159311529
1981	11	2097198	103024	0	167	22621806	159511313
1981	12	2097339	183099	0	168	25927363	159703813
1982	1	2097455	76658	0	169	16409125	159901871
1982	2	2097540	82029	0	170	16736749	160099067
1982	3	2097591	86911	0	171	21170192	160276448
1982	4	2097620	95700	0	172	19213227	160472049
1982	5	2097620	88864	0	173	18683949	160660558
1982	6	2097592	82517	0	174	20783978	160854560
1982	7	2097538	82517	0	175	17166420	161041552
1982	8	2097456	75681	0	176	17997449	161234012
1982	9	2097348	83005	0	177	19116063	161425710
1982	10	2097218	90329	0	178	20600387	161610507
1982	11	2097059	105465	0	179	23867858	161800745
1982	12	2096882	174799	0	180	26018669	161984157
1983	1	2096675	76658	0	181	15930135	162172991
1983	2	2096445	75681	0	182	16707936	162361128
1983	3	2096217	88864	0	183	20945589	162530473
1983	4	2095944	93259	0	184	20075013	162717331
1983	5	2095659	90817	0	185	20159486	162897538
1983	6	2095343	78122	0	186	21712168	163083126
1983	7	2095019	73240	0	187	17678610	163262128
1983	8	2094664	75193	0	188	18690297	163446502
1983	9	2094289	81052	0	189	19387540	163630272
1983	10	2093909	83982	0	190	20557420	163807565
1983	11	2093499	99606	0	191	24749663	163990207
1983	12	2093085	168940	0	192	26029897	164166428
1984	1	2092640	71287	0	193	17048261	164347991
1984	2	2092180	76658	0	194	17619043	164529021
1984	3	2091735	86423	0	195	20447071	164697912
1984	4	2091245	81540	0	196	20943149	164877969
1984	5	2090757	87399	0	197	21603283	165051744
1984	6	2090239	79587	0	198	21370873	165230857
1984	7	2089725	71775	0	199	19508627	165403759
1984	8	2089181	74216	0	200	21265404	165581979
1984	9	2088626	74216	0	201	19508629	165759768
1984	10	2088077	79099	0	202	23300981	165931430
1984	11	2087500	96676	0	203	25193982	166108417
1984	12	2086932	156733	0	204	26028919	166279321
1985	1	2086335	77634	0	205	17145911	166455555
1985	2	2085729	85446	0	206	17632224	166631428
1985	3	2085175	96188	0	207	20931921	166789983
1985	4	2084554	92770	0	208	21576431	166965206
1985	5	2083946	143550	0	209	22594949	167134477
1985	6	2083311	177728	0	210	23440626	167309084
1985	7	2082691	203607	1	211	23279497	167477783
1985	8	2082045	262687	1	212	23730657	167651831
1985	9	2081395	168451	1	213	20267392	167825611
1985	10	2080761	146480	1	214	23256063	167993551
1985	11	2080103	142085	1	215	25019675	168166855
1985	12	2079463	205071	1	216	27464906	168334354
1986	1	2078800	122066	1	217	17957407	168507235
1986	2	2078134	126949	1	218	17735738	168679917
1986	3	2077532	145991	1	219	21456316	168835736
1986	4	2076866	183099	1	220	22699928	169008087
1986	5	2076220	220208	1	221	23228231	169174726
1986	6	2075554	176264	1	222	25678833	169346792
1986	7	2074911	160639	1	223	25518681	169513185
1986	8	2074248	177240	1	224	23631538	169685010
1986	9	2073587	140620	1	225	21484635	169856733
1986	10	2072951	136714	1	226	22861055	170022846
1986	11	2072297	145503	1	227	24070486	170194419
1986	12	2071668	221184	1	228	27992719	170360404
1987	1	2071023	150386	1	229	17762594	170531882
1987	2	2070383	134273	1	230	18338257	170703331
1987	3	2069811	155757	1	231	23244341	170858176
1987	4	2069184	173822	1	232	22980195	171029608
1987	5	2068584	177240	1	233	23049038	171195517
1987	6	2067971	143550	1	234	24890285	171366989
1987	7	2067387	178705	1	235	23900083	171532963
1987	8	2066792	140620	1	236	20383597	171704523
1987	9	2066206	106442	1	237	21530048	171876151
1987	10	2065650	118160	1	238	21520280	172042320
1987	11	2065085	126461	1	239	23492868	172214120
1987	12	2064550	197747	1	240	27638241	172380485
1988	1	2064009	103512	1	241	19491046	172552514
1988	2	2063480	96676	1	242	17190346	172724679
1988	3	2062998	150386	1	243	23289750	172885874
1988	4	2062496	130855	1	244	20491992	173058349
1988	5	2062024	142085	1	245	22079346	173225429
1988	6	2061551	186029	1	246	24520179	173398263
1988	7	2061108	157710	1	247	20462209	173565718
1988	8	2060667	140132	1	248	21405538	173738977
1988	9	2060243	114254	1	249	18794298	173912466
1988	10	2059849	104489	1	250	19479334	174080593
1988	11	2059460	135249	1	251	23453810	174254590
1988	12	2059101	159663	1	252	26128524	174423225
1989	1	2058750	91794	1	253	15687466	174597771
1989	2	2058418	113277	1	254	16435978	174772620
1989	3	2058136	106930	1	255	20767865	174930824
1989	4	2057844	139644	1	256	18693713	175106290
1989	5	2057583	169428	1	257	21217557	175276424
1989	6	2057334	140620	1	258	24444989	175452583
1989	7	2057116	145503	1	259	18726428	175623413
1989	8	2056913	153315	1	260	19760573	175800313
1989	9	2056735	84958	1	261	18353392	175977614
1989	10	2056586	85935	1	262	19570639	176149592
1989	11	2056457	155757	1	263	22525618	176327726
1989	12	2056357	166987	1	264	26347268	176500531
1990	1	2056280	93259	1	265	16540467	176679544
1990	2	2056230	72263	1	266	16285592	176859026
1990	3	2056209	137691	1	267	20259580	177021557
1990	4	2056213	131343	1	268	19516440	177201969
1990	5	2056244	166498	1	269	20489551	177377051
1990	6	2056304	143062	1	270	21786873	177558460
1990	7	2056390	130367	1	271	18531609	177734497
1990	8	2056506	124019	1	272	18926129	177916895
1990	9	2056651	97653	1	273	18265508	178099783
1990	10	2056817	112301	1	274	19638993	178277239
1990	11	2057016	139644	1	275	22214106	178461082
1990	12	2057234	169428	1	276	27624534	178639457
1991	1	2057487	85446	1	277	14384925	178824243
1991	2	2057766	82029	1	278	14779297	179009504
1991	3	2058041	97653	1	279	19575578	179177239
1991	4	2058371	126949	1	280	17578941	179363386
1991	5	2058715	135738	1	281	19606228	179543967
1991	6	2059096	95700	1	282	20660524	179731008
1991	7	2059489	118160	1	283	18072800	179912449
1991	8	2059920	109371	1	284	17983986	180100374
1991	9	2060376	83005	1	285	17766809	180288748
1991	10	2060841	91794	1	286	18833668	180471460
1991	11	2061346	120113	1	287	20308824	180660689
1991	12	2061858	135249	1	288	24359080	180844222
1992	1	2062411	57615	1	289	15275858	181034289
1992	2	2062987	72263	1	290	15334451	181224782
1992	3	2063548	108395	1	291	20049137	181403359
1992	4	2064171	83493	1	292	18823592	181594651
1992	5	2064795	99118	1	293	17400302	181780162
1992	6	2065463	108883	1	294	20442191	181972259
1992	7	2066131	105954	1	295	17601471	182158537
1992	8	2066843	75193	1	296	15874472	182351410
1992	9	2067578	72751	1	297	18781603	182544676
1992	10	2068310	79587	1	298	17862197	182732075
1992	11	2069087	102047	1	299	20235168	182926093
1992	12	2069860	140132	1	300	24520180	183114218
1993	1	2070680	51268	1	301	13137061	183308983
1993	2	2071521	61033	1	302	14314884	183504114
1993	3	2072298	70310	1	303	19951722	183680679
1993	4	2073178	73240	1	304	17542709	183876504
1993	5	2074049	63474	1	305	16884033	184066354
1993	6	2074969	74216	1	306	19196860	184262873
1993	7	2075878	66892	1	307	15698414	184453388
1993	8	2076837	68357	1	308	16064345	184650598
1993	9	2077814	69334	1	309	17574222	184848144
1993	10	2078779	81052	1	310	19166342	185039637
1993	11	2079794	112301	1	311	20898251	185237838
1993	12	2080795	123043	1	312	24015087	185429962
1994	1	2081846	50291	1	313	16770326	185628799
1994	2	2082916	63474	1	314	13810813	185827963
1994	3	2083898	73728	1	315	19415000	186008119
1994	4	2085002	68357	1	316	16438420	186207876
1994	5	2086086	71775	1	317	16816035	186401481
1994	6	2087224	69334	1	318	18604346	186601834
1994	7	2088341	64939	1	319	15722639	186796008
1994	8	2089512	76658	1	320	16130880	186996944
1994	9	2090699	70310	1	321	18485513	187198167
1994	10	2091864	85935	1	322	17864800	187393176
1994	11	2093082	114254	1	323	20445048	187594952
1994	12	2094277	117184	1	324	22745212	187790494
1995	1	2095526	61033	1	325	13907255	187992816
1995	2	2096791	60057	1	326	14825188	188195403
1995	3	2097947	73240	1	327	18714220	188378610
1995	4	2099240	62498	1	328	18354370	188581699
1995	5	2100505	83982	1	329	18361696	188778480
1995	6	2101826	81540	1	330	19134614	188982064
1995	7	2103118	69334	1	331	15651826	189179315
1995	8	2104467	80075	1	332	18026744	189383380
1995	9	2105830	67869	1	333	18081431	189587687
1995	10	2107161	91794	1	334	18774275	189785622
1995	11	2108549	130855	1	335	22357652	189990384
1995	12	2109905	125484	1	336	23748234	190188757
1996	1	2111318	65916	1	337	16162057	190393954
1996	2	2112744	74705	1	338	16471132	190599368
1996	3	2114088	76169	1	339	19299162	190791726
1996	4	2115537	97653	1	340	18639030	190997549
1996	5	2116950	92282	1	341	19958320	191196927
1996	6	2118421	78122	1	342	18304077	191403152
1996	7	2119856	80564	1	343	18819683	191602903
1996	8	2121349	82517	1	344	18236209	191809512
1996	9	2122853	73728	1	345	17840226	192016301
1996	10	2124318	127925	1	346	20941685	192216588
1996	11	2125842	124996	1	347	22964080	192423736
1996	12	2127326	129878	1	348	24641754	192624361
1997	1	2128869	66404	1	349	16531677	192831845
1997	2	2130421	69822	1	350	15995562	193039494
1997	3	2131832	80075	1	351	19072121	193227187
1997	4	2133402	85446	1	352	19954409	193435140
1997	5	2134929	89352	1	353	19377772	193636530
1997	6	2136516	80564	1	354	20494925	193844784
1997	7	2138059	80564	1	355	18495480	194046447
1997	8	2139662	82517	1	356	17948621	194254981
1997	9	2141272	76658	1	357	19167817	194463650
1997	10	2142838	105954	1	358	21871341	194665705
1997	11	2144463	119137	1	359	23126184	194874630
1997	12	2146042	138179	1	360	25058249	195076927
