YEAR	MONTH	POPN	WINE	WINEOFF	MONTHN	WINESUM	POPSUM
1968	1	425402	16351	0	1	10532899	122668730
1968	2	425851	17033	0	2	10663709	122843794
1968	3	426281	19076	0	3	13266957	123008526
1968	4	426750	19076	0	4	10622152	123185652
1968	5	427214	19758	0	5	11027527	123358096
1968	6	427705	18395	0	6	10570372	123537370
1968	7	428190	17714	0	7	9506183	123711914
1968	8	428703	20439	0	8	10066211	123893371
1968	9	429226	17033	0	9	10876277	124075957
1968	10	429743	19758	0	10	12652426	124253741
1968	11	430289	25889	0	11	12941981	124438583
1968	12	430828	34065	0	12	13918959	124618569
1969	1	431397	15140	0	13	9689778	124805711
1969	2	431977	15746	0	14	9557698	124994035
1969	3	432511	17562	0	15	12486612	125165164
1969	4	433114	17562	0	16	10997229	125355783
1969	5	433709	18168	0	17	10446712	125541404
1969	6	434335	16351	0	18	10890189	125734426
1969	7	434954	18168	0	19	10307843	125922407
1969	8	435605	18168	0	20	10387673	126117882
1969	9	436268	19379	0	21	11037741	126314621
1969	10	436922	18168	0	22	11767595	126506230
1969	11	437611	23618	0	23	11789141	126705496
1969	12	438289	33914	0	24	15311003	126899561
1970	1	439003	16957	0	25	11695705	127101389
1970	2	439730	16351	0	26	10578731	127304537
1970	3	440398	19379	0	27	14224664	127489169
1970	4	441150	19985	0	28	11567368	127694861
1970	5	441891	18774	0	29	11265769	127895203
1970	6	442669	18168	0	30	12037109	128103532
1970	7	443434	18774	0	31	10975896	128306392
1970	8	444237	17562	0	32	10644026	128517288
1970	9	445053	18774	0	33	12397844	128729453
1970	10	445854	21802	0	34	13638112	128935961
1970	11	446694	25435	0	35	14384208	129150560
1970	12	447517	41181	0	36	17984503	129359392
1971	1	448379	18168	0	37	13105790	129576349
1971	2	449253	19985	0	38	12443865	129794468
1971	3	450051	23618	0	39	15639016	129992470
1971	4	450945	26041	0	40	13948784	130212749
1971	5	451819	16351	0	41	12991938	130426976
1971	6	452734	21802	0	42	14490801	130649410
1971	7	453628	23618	0	43	12079298	130865682
1971	8	454561	19985	0	44	12578310	131090184
1971	9	455504	21802	0	45	13845833	131315708
1971	10	456425	24224	0	46	14777249	131534906
1971	11	457386	29069	0	47	17157252	131762374
1971	12	458324	44814	0	48	20095625	131983421
1972	1	459302	18111	0	49	12464364	132212749
1972	2	460287	20855	0	50	12761831	132442996
1972	3	461217	25246	0	51	16170582	132659199
1972	4	462218	23599	0	52	13248087	132891164
1972	5	463193	25246	0	53	14238718	133116447
1972	6	464209	25246	0	54	15594314	133350064
1972	7	465198	24697	0	55	11516547	133576914
1972	8	466227	25795	0	56	13453901	133812111
1972	9	467262	25795	0	57	13869907	134048069
1972	10	468269	26344	0	58	15140984	134277133
1972	11	469317	33478	0	59	17280304	134514551
1972	12	470336	48845	0	60	18270385	134744973
1973	1	471394	25246	0	61	14561974	134983759
1973	2	472457	25795	0	62	13182775	135223203
1973	3	473422	30185	0	63	16553660	135440031
1973	4	474495	26892	0	64	14945606	135680684
1973	5	475537	26892	0	65	15148671	135914148
1973	6	476618	28539	0	66	14696984	136155966
1973	7	477668	24148	0	67	12561674	136390517
1973	8	478757	27441	0	68	14196457	136633419
1973	9	479849	25795	0	69	13104294	136876840
1973	10	480909	27441	0	70	16510304	137112883
1973	11	482008	35125	0	71	16704587	137357264
1973	12	483073	46101	0	72	17519594	137594194
1974	1	484177	26892	0	73	14508189	137839448
1974	2	485283	24148	0	74	12557117	138085124
1974	3	486283	28539	0	75	16059720	138307353
1974	4	487393	27441	0	76	14883584	138553755
1974	5	488468	28539	0	77	14834740	138792546
1974	6	489580	26344	0	78	14689849	139039618
1974	7	490657	23599	0	79	13422065	139279019
1974	8	491771	29088	0	80	14618503	139526684
1974	9	492885	23051	0	81	13371573	139774617
1974	10	493964	30734	0	82	16533903	140014789
1974	11	495079	37869	0	83	16155765	140263186
1974	12	496157	50492	0	84	19758248	140503772
1975	1	497271	25795	0	85	14658019	140752558
1975	2	498384	26344	0	86	13382002	141001504
1975	3	499389	31283	0	87	17225425	141226486
1975	4	500500	30185	0	88	15264469	141475689
1975	5	501574	33478	0	89	15020791	141716949
1975	6	502682	29088	0	90	15635475	141966331
1975	7	503752	31832	0	91	14718394	142207724
1975	8	504856	30185	0	92	13925340	142457205
1975	9	505958	29088	0	93	14802360	142706708
1975	10	507021	34027	0	94	17768212	142948157
1975	11	508117	38967	0	95	17335733	143197632
1975	12	509174	58175	0	96	21383319	143439013
1976	1	510264	30185	0	97	14726617	143688383
1976	2	511349	29637	0	98	13529636	143937660
1976	3	512361	33478	0	99	18692429	144170762
1976	4	513439	34576	0	100	16082767	144419813
1976	5	514478	32930	0	101	15228796	144660687
1976	6	515547	32930	0	102	16592628	144909432
1976	7	516576	37869	0	103	13993391	145149966
1976	8	517635	35674	0	104	14731561	145398307
1976	9	518689	34027	0	105	15819336	145646422
1976	10	519703	36771	0	106	16393953	145886287
1976	11	520745	42260	0	107	19162772	146133881
1976	12	521747	64213	0	108	21388259	146373207
1977	1	522777	26855	0	109	12700750	146620198
1977	2	523800	29784	0	110	12458573	146866849
1977	3	524717	34667	0	111	17807512	147089332
1977	4	525727	35155	0	112	13861845	147335280
1977	5	526697	35643	0	113	14212905	147572919
1977	6	527691	37596	0	114	15554168	147818068
1977	7	528646	33202	0	115	13394573	148054888
1977	8	529625	34179	0	116	14849604	148299147
1977	9	530596	34179	0	117	14719238	148542929
1977	10	531527	33690	0	118	15619601	148778362
1977	11	532480	42967	0	119	17827044	149021130
1977	12	533393	63474	0	120	20051090	149255545
1978	1	534328	27343	0	121	13996113	149497214
1978	2	535254	31249	0	122	13594276	149738294
1978	3	536081	40526	0	123	18495966	149955529
1978	4	536987	34179	0	124	15008292	150195438
1978	5	537854	36620	0	125	15932088	150426988
1978	6	538739	37596	0	126	16989183	150665598
1978	7	539586	35155	0	127	14782227	150895852
1978	8	540450	39061	0	128	15860799	151133080
1978	9	541302	36132	0	129	15342751	151369579
1978	10	542116	37108	0	130	17319246	151597732
1978	11	542946	47362	0	131	18718126	151832726
1978	12	543737	67381	0	132	20119449	152059377
1979	1	544542	31249	0	133	15936479	152292783
1979	2	545334	34667	0	134	13584997	152525354
1979	3	546039	41991	0	135	18520869	152734677
1979	4	546807	35155	0	136	16409610	152965594
1979	5	547538	39061	0	137	16996020	153188202
1979	6	548279	38085	0	138	16795341	153417326
1979	7	548983	373523	1	139	15186019	153638163
1979	8	549697	98630	1	140	15796837	153865420
1979	9	550397	65428	1	141	15300273	154091690
1979	10	551060	68357	1	142	18997413	154309700
1979	11	551730	65428	1	143	20324518	154533976
1979	12	552365	82517	1	144	21432881	154750017
1980	1	553006	58104	1	145	16492127	154972212
1980	2	553631	67869	1	146	15218733	155193318
1980	3	554201	71775	1	147	18706408	155399157
1980	4	554795	61033	1	148	17364654	155618098
1980	5	555354	59080	1	149	17867084	155828887
1980	6	555917	86911	1	150	17480371	156045583
1980	7	556446	59080	1	151	17969618	156254216
1980	8	556977	75681	1	152	16336860	156468720
1980	9	557493	54197	1	153	16964765	156682123
1980	10	557978	83493	1	154	21301534	156887618
1980	11	558464	54197	1	155	20702438	157098906
1980	12	558921	85446	1	156	24545082	157302379
1981	1	559379	58592	1	157	17202550	157511614
1981	2	559822	44920	1	158	15856893	157719825
1981	3	560211	51756	1	159	19395351	157907014
1981	4	560628	60545	1	160	18966653	158113308
1981	5	561019	62986	1	161	18082895	158312011
1981	6	561410	70798	1	162	19304044	158516385
1981	7	561776	73240	1	163	17848036	158713253
1981	8	562141	59568	1	164	16889090	158915757
1981	9	562494	61521	1	165	19415856	159117325
1981	10	562824	59080	1	166	21168244	159311529
1981	11	563153	79099	1	167	22621806	159511313
1981	12	563460	86423	1	168	25927363	159703813
1982	1	563766	47362	1	169	16409125	159901871
1982	2	564060	54686	1	170	16736749	160099067
1982	3	564317	62498	1	171	21170192	160276448
1982	4	564591	62986	1	172	19213227	160472049
1982	5	564845	55662	1	173	18683949	160660558
1982	6	565098	70310	1	174	20783978	160854560
1982	7	565333	65916	1	175	17166420	161041552
1982	8	565566	63963	1	176	17997449	161234012
1982	9	565790	55662	1	177	19116063	161425710
1982	10	565997	55174	1	178	20600387	161610507
1982	11	566202	68357	1	179	23867858	161800745
1982	12	566392	99118	1	180	26018669	161984157
1983	1	566580	45897	1	181	15930135	162172991
1983	2	566759	52244	1	182	16707936	162361128
1983	3	566913	61033	1	183	20945589	162530473
1983	4	567077	61033	1	184	20075013	162717331
1983	5	567228	58104	1	185	20159486	162897538
1983	6	567376	65428	1	186	21712168	163083126
1983	7	567513	59568	1	187	17678610	163262128
1983	8	567647	65428	1	188	18690297	163446502
1983	9	567775	63474	1	189	19387540	163630272
1983	10	567892	57615	1	190	20557420	163807565
1983	11	568006	76169	1	191	24749663	163990207
1983	12	568112	93259	1	192	26029897	164166428
1984	1	568214	48827	1	193	17048261	164347991
1984	2	568311	56639	1	194	17619043	164529021
1984	3	568397	59080	1	195	20447071	164697912
1984	4	568484	59080	1	196	20943149	164877969
1984	5	568564	64939	1	197	21603283	165051744
1984	6	568641	68845	1	198	21370873	165230857
1984	7	568712	64451	1	199	19508627	165403759
1984	8	568780	73240	1	200	21265404	165581979
1984	9	568845	56639	1	201	19508629	165759768
1984	10	568904	63963	1	202	23300981	165931430
1984	11	568962	71287	1	203	25193982	166108417
1984	12	569014	84958	1	204	26028919	166279321
1985	1	569066	53221	1	205	17145911	166455555
1985	2	569114	50291	1	206	17632224	166631428
1985	3	569156	55662	1	207	20931921	166789983
1985	4	569200	56639	1	208	21576431	166965206
1985	5	569240	67381	1	209	22594949	167134477
1985	6	569280	73240	1	210	23440626	167309084
1985	7	569317	80075	1	211	23279497	167477783
1985	8	569354	77146	1	212	23730657	167651831
1985	9	569390	57615	1	213	20267392	167825611
1985	10	569424	75681	1	214	23256063	167993551
1985	11	569458	65428	1	215	25019675	168166855
1985	12	569491	84958	1	216	27464906	168334354
1986	1	569524	48827	1	217	17957407	168507235
1986	2	569558	49315	1	218	17735738	168679917
1986	3	569588	54197	1	219	21456316	168835736
1986	4	569623	61033	1	220	22699928	169008087
1986	5	569657	68357	1	221	23228231	169174726
1986	6	569693	75681	1	222	25678833	169346792
1986	7	569729	91306	1	223	25518681	169513185
1986	8	569767	84470	1	224	23631538	169685010
1986	9	569807	63963	1	225	21484635	169856733
1986	10	569848	66404	1	226	22861055	170022846
1986	11	569893	66404	1	227	24070486	170194419
1986	12	569938	88376	1	228	27992719	170360404
1987	1	569987	48827	1	229	17762594	170531882
1987	2	570039	52733	1	230	18338257	170703331
1987	3	570089	56639	1	231	23244341	170858176
1987	4	570147	66404	1	232	22980195	171029608
1987	5	570207	67869	1	233	23049038	171195517
1987	6	570273	79587	1	234	24890285	171366989
1987	7	570340	80075	1	235	23900083	171532963
1987	8	570414	69822	1	236	20383597	171704523
1987	9	570492	62010	1	237	21530048	171876151
1987	10	570572	59080	1	238	21520280	172042320
1987	11	570660	64451	1	239	23492868	172214120
1987	12	570750	84470	1	240	27638241	172380485
1988	1	570849	47850	1	241	19491046	172552514
1988	2	570953	47362	1	242	17190346	172724679
1988	3	571056	60545	1	243	23289750	172885874
1988	4	571172	57615	1	244	20491992	173058349
1988	5	571290	64451	1	245	22079346	173225429
1988	6	571419	75681	1	246	24520179	173398263
1988	7	571550	74216	1	247	20462209	173565718
1988	8	571693	70310	1	248	21405538	173738977
1988	9	571843	56639	1	249	18794298	173912466
1988	10	571995	55174	1	250	19479334	174080593
1988	11	572161	67381	1	251	23453810	174254590
1988	12	572328	77634	1	252	26128524	174423225
1989	1	572510	41503	1	253	15687466	174597771
1989	2	572700	44432	1	254	16435978	174772620
1989	3	572879	54197	1	255	20767865	174930824
1989	4	573086	47850	1	256	18693713	175106290
1989	5	573295	59568	1	257	21217557	175276424
1989	6	573520	68357	1	258	24444989	175452583
1989	7	573748	63474	1	259	18726428	175623413
1989	8	573993	71775	1	260	19760573	175800313
1989	9	574248	53709	1	261	18353392	175977614
1989	10	574504	50780	1	262	19570639	176149592
1989	11	574780	64451	1	263	22525618	176327726
1989	12	575058	71775	1	264	26347268	176500531
1990	1	575355	44920	1	265	16540467	176679544
1990	2	575664	44920	1	266	16285592	176859026
1990	3	575954	49803	1	267	20259580	177021557
1990	4	576285	49315	1	268	19516440	177201969
1990	5	576617	60057	1	269	20489551	177377051
1990	6	576972	65916	1	270	21786873	177558460
1990	7	577327	67869	1	271	18531609	177734497
1990	8	577706	69822	1	272	18926129	177916895
1990	9	578096	51756	1	273	18265508	178099783
1990	10	578485	51268	1	274	19638993	178277239
1990	11	578898	61033	1	275	22214106	178461082
1990	12	579308	73240	1	276	27624534	178639457
1991	1	579743	40526	1	277	14384925	178824243
1991	2	580190	42967	1	278	14779297	179009504
1991	3	580603	47850	1	279	19575578	179177239
1991	4	581070	45897	1	280	17578941	179363386
1991	5	581533	59080	1	281	19606228	179543967
1991	6	582022	54686	1	282	20660524	179731008
1991	7	582505	65916	1	283	18072800	179912449
1991	8	583015	65916	1	284	17983986	180100374
1991	9	583536	45897	1	285	17766809	180288748
1991	10	584049	51268	1	286	18833668	180471460
1991	11	584590	61521	1	287	20308824	180660689
1991	12	585123	78611	1	288	24359080	180844222
1992	1	585683	44432	1	289	15275858	181034289
1992	2	586254	45897	1	290	15334451	181224782
1992	3	586797	46873	1	291	20049137	181403359
1992	4	587387	51268	1	292	18823592	181594651
1992	5	587967	53709	1	293	17400302	181780162
1992	6	588575	54686	1	294	20442191	181972259
1992	7	589173	62498	1	295	17601471	182158537
1992	8	589801	55174	1	296	15874472	182351410
1992	9	590437	52244	1	297	18781603	182544676
1992	10	591062	49315	1	298	17862197	182732075
1992	11	591716	56150	1	299	20235168	182926093
1992	12	592358	73240	1	300	24520180	183114218
1993	1	593031	39061	1	301	13137061	183308983
1993	2	593711	43456	1	302	14314884	183504114
1993	3	594334	47362	1	303	19951722	183680679
1993	4	595031	48827	1	304	17542709	183876504
1993	5	595714	48338	1	305	16884033	184066354
1993	6	596428	54686	1	306	19196860	184262873
1993	7	597127	62498	1	307	15698414	184453388
1993	8	597857	57615	1	308	16064345	184650598
1993	9	598595	48338	1	309	17574222	184848144
1993	10	599317	45409	1	310	19166342	185039637
1993	11	600071	57615	1	311	20898251	185237838
1993	12	600808	69822	1	312	24015087	185429962
1994	1	601577	39061	1	313	16770326	185628799
1994	2	602353	44432	1	314	13810813	185827963
1994	3	603061	52244	1	315	19415000	186008119
1994	4	603852	45409	1	316	16438420	186207876
1994	5	604624	47850	1	317	16816035	186401481
1994	6	605428	58104	1	318	18604346	186601834
1994	7	606214	57615	1	319	15722639	186796008
1994	8	607033	60057	1	320	16130880	186996944
1994	9	607858	54197	1	321	18485513	187198167
1994	10	608664	49315	1	322	17864800	187393176
1994	11	609502	66404	1	323	20445048	187594952
1994	12	610320	72751	1	324	22745212	187790494
1995	1	611172	38573	1	325	13907255	187992816
1995	2	612030	49803	1	326	14825188	188195403
1995	3	612810	52244	1	327	18714220	188378610
1995	4	613680	47362	1	328	18354370	188581699
1995	5	614527	56639	1	329	18361696	188778480
1995	6	615409	69822	1	330	19134614	188982064
1995	7	616267	55174	1	331	15651826	189179315
1995	8	617160	78122	1	332	18026744	189383380
1995	9	618059	42479	1	333	18081431	189587687
1995	10	618934	54686	1	334	18774275	189785622
1995	11	619843	69822	1	335	22357652	189990384
1995	12	620729	82029	1	336	23748234	190188757
1996	1	621649	38085	1	337	16162057	190393954
1996	2	622574	48338	1	338	16471132	190599368
1996	3	623444	53221	1	339	19299162	190791726
1996	4	624378	55174	1	340	18639030	190997549
1996	5	625287	62986	1	341	19958320	191196927
1996	6	626232	58592	1	342	18304077	191403152
1996	7	627150	69334	1	343	18819683	191602903
1996	8	628103	69334	1	344	18236209	191809512
1996	9	629060	53709	1	345	17840226	192016301
1996	10	629991	63963	1	346	20941685	192216588
1996	11	630957	69334	1	347	22964080	192423736
1996	12	631896	79587	1	348	24641754	192624361
1997	1	632870	49803	1	349	16531677	192831845
1997	2	633848	51756	1	350	15995562	193039494
1997	3	634735	57127	1	351	19072121	193227187
1997	4	635720	56639	1	352	19954409	193435140
1997	5	636677	64939	1	353	19377772	193636530
1997	6	637670	62498	1	354	20494925	193844784
1997	7	638633	72751	1	355	18495480	194046447
1997	8	639632	72751	1	356	17948621	194254981
1997	9	640634	59080	1	357	19167817	194463650
1997	10	641607	65916	1	358	21871341	194665705
1997	11	642615	71775	1	359	23126184	194874630
1997	12	643594	97653	1	360	25058249	195076927
