YEAR	MONTH	POPN	SPIR	SPIROFF	MONTHN	SPIRSUM	POPSUM
1968	1	1811517	362433	0	1	38448283	122668730
1968	2	1812651	450906	0	2	40892275	122843794
1968	3	1813732	360545	0	3	47456672	123008526
1968	4	1814908	367057	0	4	41839056	123185652
1968	5	1816068	462397	0	5	49298219	123358096
1968	6	1817289	377920	0	6	43835984	123537370
1968	7	1818492	333886	0	7	43425027	123711914
1968	8	1819758	446211	0	8	46549207	123893371
1968	9	1821047	366103	0	9	44690013	124075957
1968	10	1822317	387619	0	10	50295146	124253741
1968	11	1823652	522005	0	11	55604576	124438583
1968	12	1824968	573614	0	12	68950670	124618569
1969	1	1826351	393599	0	13	41219070	124805711
1969	2	1827758	459613	0	14	41211852	124994035
1969	3	1829050	384790	0	15	47127269	125165164
1969	4	1830505	383587	0	16	48072496	125355783
1969	5	1831936	480252	0	17	49844363	125541404
1969	6	1833440	431253	0	18	51367929	125734426
1969	7	1834920	327538	0	19	47272798	125922407
1969	8	1836475	457776	0	20	45734986	126117882
1969	9	1838056	379622	0	21	43929158	126314621
1969	10	1839611	398773	0	22	51992775	126506230
1969	11	1841243	537641	0	23	54963214	126705496
1969	12	1842849	603919	0	24	73797871	126899561
1970	1	1844534	427877	0	25	44224204	127101389
1970	2	1846247	473851	0	26	41145472	127304537
1970	3	1847818	388027	0	27	50762947	127489169
1970	4	1849583	403001	0	28	50055566	127694861
1970	5	1851318	501598	0	29	47024301	127895203
1970	6	1853137	393297	0	30	48750370	128103532
1970	7	1854923	344663	0	31	47345919	128306392
1970	8	1856795	475067	0	32	44780312	128517288
1970	9	1858692	395968	0	33	48876648	128729453
1970	10	1860551	406504	0	34	51727291	128935961
1970	11	1862497	549656	0	35	55601402	129150560
1970	12	1864402	610298	0	36	80366083	129359392
1971	1	1866393	440905	0	37	42571236	129576349
1971	2	1868408	485722	0	38	42460710	129794468
1971	3	1870246	398782	0	39	51083960	129992470
1971	4	1872301	395220	0	40	49860847	130212749
1971	5	1874310	505640	0	41	48472524	130426976
1971	6	1876405	430183	0	42	55049721	130649410
1971	7	1878452	439658	0	43	49768226	130865682
1971	8	1880585	501002	0	44	48572500	131090184
1971	9	1882737	394532	0	45	48506719	131315708
1971	10	1884837	412154	0	46	52080629	131534906
1971	11	1887023	572004	0	47	61050763	131762374
1971	12	1889155	705380	0	48	80600824	131983421
1972	1	1891374	342472	0	49	42516957	132212749
1972	2	1893607	485962	0	50	42378640	132442996
1972	3	1895711	393214	0	51	52061163	132659199
1972	4	1897973	405559	0	52	45644447	132891164
1972	5	1900175	486110	0	53	50753298	133116447
1972	6	1902463	373345	0	54	55584667	133350064
1972	7	1904689	455893	0	55	45230396	133576914
1972	8	1907001	424473	0	56	47240424	133812111
1972	9	1909325	408868	0	57	47637431	134048069
1972	10	1911583	538950	0	58	50617153	134277133
1972	11	1913927	484956	0	59	60642711	134514551
1972	12	1916204	776745	0	60	78640146	134744973
1973	1	1918566	419436	0	61	46148032	134983759
1973	2	1920936	416490	0	62	43446289	135223203
1973	3	1923084	490828	0	63	52634920	135440031
1973	4	1925468	436069	0	64	48306019	135680684
1973	5	1927781	473117	0	65	53092531	135914148
1973	6	1930178	466575	0	66	53782465	136155966
1973	7	1932502	446362	0	67	47234948	136390517
1973	8	1934908	491707	0	68	52003121	136633419
1973	9	1937319	455922	0	69	46361754	136876840
1973	10	1939655	489254	0	70	54440734	137112883
1973	11	1942071	540008	0	71	62884189	137357264
1973	12	1944412	834787	0	72	78749814	137594194
1974	1	1946833	436974	0	73	46737501	137839448
1974	2	1949255	452405	0	74	44690814	138085124
1974	3	1951443	504501	0	75	53722116	138307353
1974	4	1953866	479754	0	76	52810420	138553755
1974	5	1956209	512072	0	77	53873722	138792546
1974	6	1958630	465337	0	78	53864591	139039618
1974	7	1960971	488978	0	79	51455989	139279019
1974	8	1963387	516018	0	80	51139793	139526684
1974	9	1965801	459281	0	81	47802370	139774617
1974	10	1968133	526842	0	82	56160589	140014789
1974	11	1970539	563827	0	83	62989816	140263186
1974	12	1972862	824595	0	84	78863279	140503772
1975	1	1975258	459233	0	85	49173119	140752558
1975	2	1977648	448375	0	86	42266517	141001504
1975	3	1979801	495195	0	87	51433648	141226486
1975	4	1982178	503671	0	88	52241813	141475689
1975	5	1984470	527819	0	89	53436089	141716949
1975	6	1986831	484492	0	90	56472873	141966331
1975	7	1989108	501025	0	91	52582773	142207724
1975	8	1991450	525633	0	92	50322444	142457205
1975	9	1993783	494866	0	93	51013036	142706708
1975	10	1996030	551438	0	94	57799585	142948157
1975	11	1998341	557232	0	95	62332892	143197632
1975	12	2000566	871566	0	96	83797634	143439013
1976	1	2002853	491012	0	97	47487323	143688383
1976	2	2005127	458746	0	98	44165435	143937660
1976	3	2007242	512839	0	99	56309357	144170762
1976	4	2009488	518257	0	100	51946944	144419813
1976	5	2011649	521225	0	101	51465386	144660687
1976	6	2013865	483709	0	102	57624996	144909432
1976	7	2015995	551603	0	103	51913304	145149966
1976	8	2018180	494923	0	104	50038305	145398307
1976	9	2020347	511841	0	105	52358874	145646422
1976	10	2022428	554863	0	106	54054291	145886287
1976	11	2024560	582002	0	107	66054361	146133881
1976	12	2026604	899704	0	108	84114270	146373207
1977	1	2028698	444372	0	109	43527374	146620198
1977	2	2030771	441596	0	110	42269310	146866849
1977	3	2032626	498805	0	111	55303971	147089332
1977	4	2034659	503634	0	112	50016637	147335280
1977	5	2036605	488295	0	113	49322585	147572919
1977	6	2038594	474020	0	114	58444772	147818068
1977	7	2040497	598832	0	115	46469518	148054888
1977	8	2042440	465645	0	116	50022439	148299147
1977	9	2044359	515273	0	117	51654903	148542929
1977	10	2046192	538940	0	118	52463964	148778362
1977	11	2048060	557830	0	119	66223394	149021130
1977	12	2049844	880243	0	120	82166610	149255545
1978	1	2051661	447329	0	121	45883428	149497214
1978	2	2053450	439949	0	122	45222388	149738294
1978	3	2055042	514414	0	123	57515335	149955529
1978	4	2056777	486848	0	124	50870511	150195438
1978	5	2058429	503271	0	125	51432907	150426988
1978	6	2060107	464545	0	126	58341626	150665598
1978	7	2061701	490843	0	127	47935373	150895852
1978	8	2063318	510291	0	128	53722430	151133080
1978	9	2064904	503906	0	129	51255487	151369579
1978	10	2066408	500693	0	130	56495830	151597732
1978	11	2067930	546385	0	131	66848106	151832726
1978	12	2069371	837085	0	132	79288972	152059377
1979	1	2070827	456177	0	133	48141918	152292783
1979	2	2072248	440683	0	134	45644962	152525354
1979	3	2073502	514559	0	135	56366636	152734677
1979	4	2074856	495205	0	136	51907720	152965594
1979	5	2076132	477437	0	137	53496685	153188202
1979	6	2077414	492458	0	138	55764807	153417326
1979	7	2078619	463112	0	139	48840879	153638163
1979	8	2079827	506295	0	140	54268936	153865420
1979	9	2080996	469540	0	141	50604463	154091690
1979	10	2082090	515509	0	142	58176041	154309700
1979	11	2083181	549931	0	143	66895116	154533976
1979	12	2084198	799074	0	144	81054253	154750017
1980	1	2085210	463531	0	145	49886493	154972212
1980	2	2086179	464358	0	146	48176331	155193318
1980	3	2087048	478470	0	147	52082797	155399157
1980	4	2087935	466888	0	148	53454827	155618098
1980	5	2088752	525677	0	149	52025492	155828887
1980	6	2089555	444677	0	150	56472473	156045583
1980	7	2090291	500793	0	151	54824922	156254216
1980	8	2091012	506034	0	152	51291160	156468720
1980	9	2091691	470327	0	153	52359278	156682123
1980	10	2092309	544671	0	154	57682680	156887618
1980	11	2092910	521291	0	155	64453022	157098906
1980	12	2093453	805579	0	156	82248104	157302379
1981	1	2093977	484185	0	157	49323253	157511614
1981	2	2094463	413505	0	158	46564612	157719825
1981	3	2094869	453204	0	159	53942710	157907014
1981	4	2095285	469629	0	160	55884062	158113308
1981	5	2095652	492030	0	161	51965492	158312011
1981	6	2095997	458475	0	162	57182813	158516385
1981	7	2096297	495848	0	163	54148961	158713253
1981	8	2096573	464393	0	164	50139480	158915757
1981	9	2096816	482990	0	165	52427300	159117325
1981	10	2097019	524278	0	166	58529897	159311529
1981	11	2097198	485892	0	167	63656818	159511313
1981	12	2097339	757859	0	168	81649949	159703813
1982	1	2097455	409854	0	169	46281209	159901871
1982	2	2097540	410348	0	170	45597301	160099067
1982	3	2097591	450919	0	171	53957198	160276448
1982	4	2097620	466197	0	172	54571633	160472049
1982	5	2097620	454494	0	173	50272058	160660558
1982	6	2097592	442338	0	174	56377994	160854560
1982	7	2097538	469448	0	175	50497114	161041552
1982	8	2097456	429674	0	176	49452726	161234012
1982	9	2097348	452560	0	177	52801916	161425710
1982	10	2097218	482080	0	178	54857343	161610507
1982	11	2097059	487043	0	179	65381399	161800745
1982	12	2096882	717642	0	180	78013647	161984157
1983	1	2096675	394725	0	181	44993022	162172991
1983	2	2096445	389952	0	182	43727844	162361128
1983	3	2096217	442489	0	183	54841981	162530473
1983	4	2095944	462948	0	184	50841388	162717331
1983	5	2095659	438829	0	185	51505006	162897538
1983	6	2095343	489029	0	186	58576631	163083126
1983	7	2095019	440725	0	187	47984659	163262128
1983	8	2094664	426122	0	188	51190860	163446502
1983	9	2094289	445921	0	189	51019490	163630272
1983	10	2093909	443143	0	190	51907253	163807565
1983	11	2093499	514476	0	191	65418934	163990207
1983	12	2093085	673941	0	192	76204506	164166428
1984	1	2092640	384063	0	193	46195200	164347991
1984	2	2092180	392255	0	194	46419853	164529021
1984	3	2091735	446358	0	195	51778696	164697912
1984	4	2091245	407133	0	196	49528885	164877969
1984	5	2090757	435553	0	197	51673535	165051744
1984	6	2090239	441867	0	198	55218327	165230857
1984	7	2089725	433078	0	199	47448080	165403759
1984	8	2089181	415885	0	200	50199278	165581979
1984	9	2088626	398784	0	201	49323374	165759768
1984	10	2088077	423833	0	202	57179958	165931430
1984	11	2087500	464391	0	203	63131946	166108417
1984	12	2086932	622476	0	204	74392329	166279321
1985	1	2086335	370017	0	205	42959975	166455555
1985	2	2085729	358886	0	206	45564832	166631428
1985	3	2085175	406095	0	207	47910483	166789983
1985	4	2084554	390850	0	208	48881840	166965206
1985	5	2083946	430234	0	209	51322612	167134477
1985	6	2083311	399888	0	210	51072123	167309084
1985	7	2082691	402396	0	211	48919771	167477783
1985	8	2082045	432759	0	212	52985019	167651831
1985	9	2081395	458553	0	213	74839784	167825611
1985	10	2080761	341911	0	214	44303482	167993551
1985	11	2080103	403060	0	215	49726488	168166855
1985	12	2079463	550774	0	216	70847923	168334354
1986	1	2078800	325496	0	217	38570915	168507235
1986	2	2078134	302905	0	218	40974761	168679917
1986	3	2077532	338234	0	219	46873333	168835736
1986	4	2076866	340685	0	220	46065577	169008087
1986	5	2076220	383644	0	221	46612056	169174726
1986	6	2075554	328256	0	222	51272388	169346792
1986	7	2074911	360090	0	223	49289197	169513185
1986	8	2074248	371182	0	224	46393276	169685010
1986	9	2073587	342904	0	225	48293691	169856733
1986	10	2072951	369594	0	226	50030191	170022846
1986	11	2072297	349887	0	227	55985545	170194419
1986	12	2071668	532159	0	228	73895136	170360404
1987	1	2071023	312664	0	229	40331227	170531882
1987	2	2070383	334986	0	230	42364184	170703331
1987	3	2069811	404914	1	231	47268227	170858176
1987	4	2069184	352438	1	232	45829890	171029608
1987	5	2068584	335091	1	233	45863135	171195517
1987	6	2067971	369690	1	234	50373637	171366989
1987	7	2067387	358397	1	235	45409094	171532963
1987	8	2066792	346068	1	236	43712092	171704523
1987	9	2066206	347253	1	237	47039488	171876151
1987	10	2065650	413355	1	238	46683919	172042320
1987	11	2065085	391030	1	239	56852785	172214120
1987	12	2064550	597452	1	240	72725709	172380485
1988	1	2064009	276246	1	241	37710920	172552514
1988	2	2063480	309447	1	242	39945773	172724679
1988	3	2062998	322968	1	243	46263835	172885874
1988	4	2062496	338998	1	244	45620411	173058349
1988	5	2062024	335297	1	245	45330376	173225429
1988	6	2061551	353218	1	246	49411637	173398263
1988	7	2061108	322581	1	247	42162980	173565718
1988	8	2060667	387354	1	248	44317906	173738977
1988	9	2060243	328287	1	249	45128484	173912466
1988	10	2059849	341174	1	250	46716606	174080593
1988	11	2059460	446850	1	251	58481279	174254590
1988	12	2059101	483505	1	252	67859041	174423225
1989	1	2058750	286809	1	253	37648454	174597771
1989	2	2058418	278107	1	254	40124139	174772620
1989	3	2058136	343837	1	255	45751765	174930824
1989	4	2057844	312251	1	256	42869372	175106290
1989	5	2057583	349563	1	257	46247253	175276424
1989	6	2057334	342565	1	258	47877835	175452583
1989	7	2057116	339433	1	259	41981610	175623413
1989	8	2056913	343647	1	260	45111517	175800313
1989	9	2056735	311273	1	261	43053057	175977614
1989	10	2056586	352359	1	262	46827604	176149592
1989	11	2056457	429419	1	263	56655496	176327726
1989	12	2056357	453628	1	264	65627885	176500531
1990	1	2056280	307799	1	265	38459445	176679544
1990	2	2056230	276041	1	266	39530036	176859026
1990	3	2056209	324846	1	267	43294869	177021557
1990	4	2056213	317089	1	268	43171395	177201969
1990	5	2056244	356158	1	269	46404526	177377051
1990	6	2056304	315798	1	270	48076633	177558460
1990	7	2056390	341283	1	271	44925529	177734497
1990	8	2056506	361822	1	272	44202345	177916895
1990	9	2056651	294270	1	273	41099063	178099783
1990	10	2056817	359812	1	274	46688692	178277239
1990	11	2057016	412999	1	275	55430913	178461082
1990	12	2057234	504235	1	276	72692766	178639457
1991	1	2057487	275945	1	277	37128641	178824243
1991	2	2057766	268487	1	278	32856606	179009504
1991	3	2058041	285266	1	279	39138775	179177239
1991	4	2058371	322610	1	280	42670660	179363386
1991	5	2058715	352377	1	281	43252122	179543967
1991	6	2059096	294080	1	282	43395395	179731008
1991	7	2059489	337702	1	283	43767630	179912449
1991	8	2059920	353784	1	284	42391433	180100374
1991	9	2060376	283231	1	285	40408162	180288748
1991	10	2060841	360868	1	286	46221982	180471460
1991	11	2061346	413502	1	287	49917655	180660689
1991	12	2061858	461777	1	288	59624766	180844222
1992	1	2062411	251238	1	289	35360814	181034289
1992	2	2062987	264851	1	290	36776674	181224782
1992	3	2063548	291457	1	291	41184776	181403359
1992	4	2064171	340393	1	292	43312825	181594651
1992	5	2064795	299464	1	293	42029181	181780162
1992	6	2065463	346533	1	294	45646497	181972259
1992	7	2066131	320540	1	295	43803849	182158537
1992	8	2066843	310323	1	296	41272017	182351410
1992	9	2067578	329514	1	297	42449372	182544676
1992	10	2068310	310896	1	298	44819398	182732075
1992	11	2069087	392477	1	299	51676931	182926093
1992	12	2069860	455561	1	300	60964471	183114218
1993	1	2070680	239611	1	301	34578939	183308983
1993	2	2071521	266869	1	302	36298822	183504114
1993	3	2072298	319252	1	303	42229498	183680679
1993	4	2073178	295060	1	304	42549590	183876504
1993	5	2074049	309826	1	305	39559126	184066354
1993	6	2074969	324754	1	306	43529507	184262873
1993	7	2075878	307197	1	307	40684167	184453388
1993	8	2076837	342443	1	308	39872638	184650598
1993	9	2077814	308423	1	309	39679476	184848144
1993	10	2078779	320468	1	310	43002098	185039637
1993	11	2079794	402083	1	311	49701330	185237838
1993	12	2080795	408990	1	312	58016741	185429962
1994	1	2081846	245852	1	313	34482754	185628799
1994	2	2082916	304100	1	314	35269021	185827963
1994	3	2083898	290472	1	315	41467194	186008119
1994	4	2085002	297395	1	316	38988812	186207876
1994	5	2086086	328226	1	317	39319611	186401481
1994	6	2087224	293160	1	318	42743429	186601834
1994	7	2088341	291785	1	319	37560187	186796008
1994	8	2089512	338464	1	320	39699447	186996944
1994	9	2090699	320642	1	321	40710759	187198167
1994	10	2091864	320218	1	322	42248678	187393176
1994	11	2093082	363990	1	323	51089855	187594952
1994	12	2094277	441711	1	324	56581429	187790494
1995	1	2095526	271146	1	325	32572851	187992816
1995	2	2096791	277671	1	326	35329530	188195403
1995	3	2097947	294671	1	327	38673118	188378610
1995	4	2099240	297496	1	328	38157308	188581699
1995	5	2100505	352082	1	329	40329978	188778480
1995	6	2101826	318411	1	330	42454306	188982064
1995	7	2103118	322551	1	331	37606601	189179315
1995	8	2104467	350915	1	332	39541105	189383380
1995	9	2105830	295897	1	333	39184135	189587687
1995	10	2107161	337376	1	334	41777650	189785622
1995	11	2108549	405938	1	335	49006868	189990384
1995	12	2109905	428909	1	336	53937922	190188757
1996	1	2111318	295768	1	337	34548325	190393954
1996	2	2112744	300326	1	338	36429321	190599368
1996	3	2114088	278724	1	339	39416208	190791726
1996	4	2115537	344079	1	340	38833395	190997549
1996	5	2116950	360250	1	341	41162114	191196927
1996	6	2118421	310387	1	342	41320811	191403152
1996	7	2119856	363695	1	343	40275937	191602903
1996	8	2121349	343546	1	344	38707415	191809512
1996	9	2122853	300176	1	345	38167831	192016301
1996	10	2124318	353762	1	346	44546054	192216588
1996	11	2125842	354442	1	347	47999056	192423736
1996	12	2127326	455417	1	348	54872930	192624361
1997	1	2128869	292474	1	349	34038786	192831845
1997	2	2130421	280729	1	350	34159451	193039494
1997	3	2131832	296552	1	351	39316955	193227187
1997	4	2133402	351506	1	352	41049739	193435140
1997	5	2134929	343552	1	353	40033092	193636530
1997	6	2136516	330749	1	354	41254612	193844784
1997	7	2138059	379315	1	355	41418066	194046447
1997	8	2139662	330608	1	356	38954697	194254981
1997	9	2141272	326803	1	357	38036015	194463650
1997	10	2142838	334911	1	358	44870506	194665705
1997	11	2144463	358969	1	359	47482172	194874630
1997	12	2146042	488147	1	360	56714200	195076927
1998	1	2147680	273422	1	361	33849102	195286088
1998	2	2149325	298698	1	362	34937635	195495359
1998	3	2150817	317937	1	363	39262954	195684479
1998	4	2152473	344045	1	364	40915661	195893955
1998	5	2154082	336633	1	365	39487895	196096777
1998	6	2155750	364693	1	366	44485468	196306453
1998	7	2157369	378097	1	367	41144360	196509460
1998	8	2159047	348816	1	368	39126123	196719316
1998	9	2160730	343636	1	369	39351460	196929264
1998	10	2162363	336305	1	370	43351099	197132509
1998	11	2164055	413528	1	371	47997359	197342605
1998	12	2165696	473360	1	372	56895208	197545992
1999	1	2167396	288073	1	373	34529550	197756229
1999	2	2169099	307636	1	374	34125563	197966529
1999	3	2170641	345468	1	375	42688761	198156525
1999	4	2172350	346175	1	376	40698260	198366935
1999	5	2174007	377608	1	377	39329186	198570603
1999	6	2175722	360964	1	378	47120789	198781108
1999	7	2177384	378034	1	379	40968559	198984864
1999	8	2179104	377113	1	380	40326324	199195446
1999	9	2180825	363348	1	381	40096175	199406065
1999	10	2182493	333738	1	382	44338777	199609915
1999	11	2184217	486981	1	383	34343423	199820593
1999	12	2185887	454030	1	384	15803956	200024489
2000	1	2187614	316814	1	385	35874554	200235201
2000	2	2189341	333951	1	386	40285371	200445921
2000	3	2190958	340670	1	387	44131170	200643057
2000	4	2192686	344750	1	388	41617789	200853794
2000	5	2194023	411408	1	389	42816071	201053867
2000	6	2195666	402093	1	390	49416540	201259851
2000	7	2197309	386363	1	391	40172467	201465836
2000	8	2198952	399490	1	392	45441372	201671820
2000	9	2200594	341417	1	393	40612555	201877799
2000	10	2202237	492177	1	394	46626188	202083784
2000	11	2203880	387200	1	395	53032667	202289766
2000	12	2205523	436133	1	396	57388017	202495748
