YEAR	MONTH	POPN	WINE	WINEOFF	MONTHN	WINESUM	POPSUM
1968	1	2126713	52460	0	1	10532899	122668730
1968	2	2129396	55185	0	2	10663709	122843794
1968	3	2131935	62680	0	3	13266957	123008526
1968	4	2134682	57911	0	4	10622152	123185652
1968	5	2137373	60636	0	5	11027527	123358096
1968	6	2140188	53823	0	6	10570372	123537370
1968	7	2142945	54504	0	7	9506183	123711914
1968	8	2145828	53823	0	8	10066211	123893371
1968	9	2148746	55867	0	9	10876277	124075957
1968	10	2151605	58592	0	10	12652426	124253741
1968	11	2154594	68130	0	11	12941981	124438583
1968	12	2157522	83800	0	12	13918959	124618569
1969	1	2160584	54504	0	13	9689778	124805711
1969	2	2163683	53293	0	14	9557698	124994035
1969	3	2166514	59349	0	15	12486612	125165164
1969	4	2169684	59349	0	16	10997229	125355783
1969	5	2172789	62982	0	17	10446712	125541404
1969	6	2176036	52687	0	18	10890189	125734426
1969	7	2179214	53293	0	19	10307843	125922407
1969	8	2182538	53898	0	20	10387673	126117882
1969	9	2185901	59349	0	21	11037741	126314621
1969	10	2189194	58743	0	22	11767595	126506230
1969	11	2192636	64194	0	23	11789141	126705496
1969	12	2196006	83573	0	24	15311003	126899561
1970	1	2199529	65405	0	25	11695705	127101389
1970	2	2203093	60560	0	26	10578731	127304537
1970	3	2206349	69644	0	27	14224664	127489169
1970	4	2209993	69644	0	28	11567368	127694861
1970	5	2213560	70250	0	29	11265769	127895203
1970	6	2217287	69644	0	30	12037109	128103532
1970	7	2220933	68433	0	31	10975896	128306392
1970	8	2224740	68433	0	32	10644026	128517288
1970	9	2228587	64194	0	33	12397844	128729453
1970	10	2232346	74489	0	34	13638112	128935961
1970	11	2236269	74489	0	35	14384208	129150560
1970	12	2240100	100530	0	36	17984503	129359392
1971	1	2244095	73278	0	37	13105790	129576349
1971	2	2248126	71461	0	38	12443865	129794468
1971	3	2251797	80545	0	39	15639016	129992470
1971	4	2255894	78728	0	40	13948784	130212749
1971	5	2259891	78728	0	41	12991938	130426976
1971	6	2264053	70855	0	42	14490801	130649410
1971	7	2268112	76911	0	43	12079298	130865682
1971	8	2272337	66616	0	44	12578310	131090184
1971	9	2276593	64799	0	45	13845833	131315708
1971	10	2280740	70250	0	46	14777249	131534906
1971	11	2285054	75700	0	47	17157252	131762374
1971	12	2289256	102952	0	48	20095625	131983421
1972	1	2293626	62017	0	49	12464364	132212749
1972	2	2298022	63664	0	50	12761831	132442996
1972	3	2302158	72994	0	51	16170582	132659199
1972	4	2306605	68054	0	52	13248087	132891164
1972	5	2310931	71896	0	53	14238718	133116447
1972	6	2315425	69701	0	54	15594314	133350064
1972	7	2319797	69701	0	55	11516547	133576914
1972	8	2324336	67505	0	56	13453901	133812111
1972	9	2328898	69701	0	57	13869907	134048069
1972	10	2333332	69701	0	58	15140984	134277133
1972	11	2337934	80128	0	59	17280304	134514551
1972	12	2342406	105923	0	60	18270385	134744973
1973	1	2347045	71896	0	61	14561974	134983759
1973	2	2351703	71896	0	62	13182775	135223203
1973	3	2355925	87263	0	63	16553660	135440031
1973	4	2360615	76836	0	64	14945606	135680684
1973	5	2365169	82324	0	65	15148671	135914148
1973	6	2369890	79031	0	66	14696984	136155966
1973	7	2374472	72994	0	67	12561674	136390517
1973	8	2379220	75189	0	68	14196457	136633419
1973	9	2383981	69701	0	69	13104294	136876840
1973	10	2388601	72445	0.5	70	16510304	137112883
1973	11	2393385	82324	0.5	71	16704587	137357264
1973	12	2398025	100984	0.5	72	17519594	137594194
1974	1	2402830	107021	0.5	73	14508189	137839448
1974	2	2407644	103728	0.5	74	12557117	138085124
1974	3	2411999	132816	0.5	75	16059720	138307353
1974	4	2416829	149280	0.5	76	14883584	138553755
1974	5	2421509	147634	0.5	77	14834740	138792546
1974	6	2426352	126230	0.5	78	14689849	139039618
1974	7	2431043	137206	0.5	79	13422065	139279019
1974	8	2435896	132816	0.5	80	14618503	139526684
1974	9	2440752	111960	0.5	81	13371573	139774617
1974	10	2445456	136109	0.5	82	16533903	140014789
1974	11	2450318	140499	0.5	83	16155765	140263186
1974	12	2455026	173429	0.5	84	19758248	140503772
1975	1	2459891	134462	0.5	85	14658019	140752558
1975	2	2464757	122388	0.5	86	13382002	141001504
1975	3	2469151	138304	0.5	87	17225425	141226486
1975	4	2474015	141048	0.5	88	15264469	141475689
1975	5	2478721	143792	0.5	89	15020791	141716949
1975	6	2483581	127327	0.5	90	15635475	141966331
1975	7	2488281	136109	0.5	91	14718394	142207724
1975	8	2493134	134462	0.5	92	13925340	142457205
1975	9	2497981	122388	0.5	93	14802360	142706708
1975	10	2502667	135560	0.5	94	17768212	142948157
1975	11	2507504	132816	0.5	95	17335733	143197632
1975	12	2512177	186052	0.5	96	21383319	143439013
1976	1	2516999	126779	0.5	97	14726617	143688383
1976	2	2521812	127327	0.5	98	13529636	143937660
1976	3	2526306	143792	0.5	99	18692429	144170762
1976	4	2531100	145439	0.5	100	16082767	144419813
1976	5	2535729	133364	0.5	101	15228796	144660687
1976	6	2540502	133913	0.5	102	16592628	144909432
1976	7	2545109	130620	0.5	103	13993391	145149966
1976	8	2549857	117449	0.5	104	14731561	145398307
1976	9	2554591	119095	0.5	105	15819336	145646422
1976	10	2559158	119095	0.5	106	16393953	145886287
1976	11	2563863	134462	0.5	107	19162772	146133881
1976	12	2568401	175624	0.5	108	21388259	146373207
1977	1	2573073	101559	0.5	109	12700750	146620198
1977	2	2577729	104977	0.5	110	12458573	146866849
1977	3	2581918	123531	0.5	111	17807512	147089332
1977	4	2586538	113766	0.5	112	13861845	147335280
1977	5	2590990	111324	0.5	113	14212905	147572919
1977	6	2595571	112301	0.5	114	15554168	147818068
1977	7	2599984	102047	0.5	115	13394573	148054888
1977	8	2604522	116695	0.5	116	14849604	148299147
1977	9	2609038	97653	0.5	117	14719238	148542929
1977	10	2613386	104489	0.5	118	15619601	148778362
1977	11	2617856	123531	0.5	119	17827044	149021130
1977	12	2622157	161127	0.5	120	20051090	149255545
1978	1	2626577	99606	0.5	121	13996113	149497214
1978	2	2630970	101071	0.5	122	13594276	149738294
1978	3	2634915	119137	0.5	123	18495966	149955529
1978	4	2639256	103512	0.5	124	15008292	150195438
1978	5	2643431	112789	0.5	125	15932088	150426988
1978	6	2647715	105465	0.5	126	16989183	150665598
1978	7	2651833	93259	0.5	127	14782227	150895852
1978	8	2656058	102536	0.5	128	15860799	151133080
1978	9	2660251	91306	0.5	129	15342751	151369579
1978	10	2664278	104489	0.5	130	17319246	151597732
1978	11	2668408	111324	0.5	131	18718126	151832726
1978	12	2672372	146480	0.5	132	20119449	152059377
1979	1	2676434	100094	0.5	133	15936479	152292783
1979	2	2680461	99118	0.5	134	13584997	152525354
1979	3	2684068	111813	0.5	135	18520869	152734677
1979	4	2688026	107907	0.5	136	16409610	152965594
1979	5	2691820	113277	0.5	137	16996020	153188202
1979	6	2695704	108395	0.5	138	16795341	153417326
1979	7	2699426	101071	0.5	139	15186019	153638163
1979	8	2703233	114254	0.5	140	15796837	153865420
1979	9	2706999	103512	0.5	141	15300273	154091690
1979	10	2710605	115719	0.5	142	18997413	154309700
1979	11	2714290	131832	0.5	143	20324518	154533976
1979	12	2717815	165034	0.5	144	21432881	154750017
1980	1	2721415	116207	0.5	145	16492127	154972212
1980	2	2724972	121578	0.5	146	15218733	155193318
1980	3	2728258	121090	0.5	147	18706408	155399157
1980	4	2731727	126949	0.5	148	17364654	155618098
1980	5	2735040	127437	0.5	149	17867084	155828887
1980	6	2738419	114742	0.5	150	17480371	156045583
1980	7	2741646	123531	0.5	151	17969618	156254216
1980	8	2744936	111813	0.5	152	16336860	156468720
1980	9	2748183	102536	0.5	153	16964765	156682123
1980	10	2751283	416978	1	154	21301534	156887618
1980	11	2754445	237297	1	155	20702438	157098906
1980	12	2757465	172846	1	156	24545082	157302379
1981	1	2760544	153315	1	157	17202550	157511614
1981	2	2763582	172846	1	158	15856893	157719825
1981	3	2766292	214837	1	159	19395351	157907014
1981	4	2769253	169428	1	160	18966653	158113308
1981	5	2772082	196771	1	161	18082895	158312011
1981	6	2774967	183588	1	162	19304044	158516385
1981	7	2777722	171869	1	163	17848036	158713253
1981	8	2780532	147944	1	164	16889090	158915757
1981	9	2783305	155268	1	165	19415856	159117325
1981	10	2785954	245109	1	166	21168244	159311529
1981	11	2788656	188959	1	167	22621806	159511313
1981	12	2791237	146480	1	168	25927363	159703813
1982	1	2793870	155757	1	169	16409125	159901871
1982	2	2796469	161616	1	170	16736749	160099067
1982	3	2798787	204583	1	171	21170192	160276448
1982	4	2801323	167963	1	172	19213227	160472049
1982	5	2803745	167475	1	173	18683949	160660558
1982	6	2806217	148921	1	174	20783978	160854560
1982	7	2808580	141597	1	175	17166420	161041552
1982	8	2810991	156733	1	176	17997449	161234012
1982	9	2813371	134273	1	177	19116063	161425710
1982	10	2815647	209954	1	178	20600387	161610507
1982	11	2817970	229485	1	179	23867858	161800745
1982	12	2820191	165034	1	180	26018669	161984157
1983	1	2822459	127925	1	181	15930135	162172991
1983	2	2824699	157710	1	182	16707936	162361128
1983	3	2826700	172846	1	183	20945589	162530473
1983	4	2828890	154780	1	184	20075013	162717331
1983	5	2830985	143550	1	185	20159486	162897538
1983	6	2833126	178217	1	186	21712168	163083126
1983	7	2835174	181146	1	187	17678610	163262128
1983	8	2837266	162104	1	188	18690297	163446502
1983	9	2839336	112789	1	189	19387540	163630272
1983	10	2841317	179682	1	190	20557420	163807565
1983	11	2843343	272452	1	191	24749663	163990207
1983	12	2845282	142085	1	192	26029897	164166428
1984	1	2847266	175775	1	193	17048261	164347991
1984	2	2849229	124019	1	194	17619043	164529021
1984	3	2851047	140132	1	195	20447071	164697912
1984	4	2852973	138179	1	196	20943149	164877969
1984	5	2854818	183099	1	197	21603283	165051744
1984	6	2856708	131343	1	198	21370873	165230857
1984	7	2858519	161616	1	199	19508627	165403759
1984	8	2860375	198724	1	200	21265404	165581979
1984	9	2862213	177728	1	201	19508629	165759768
1984	10	2863978	309072	1	202	23300981	165931430
1984	11	2865786	284170	1	203	25193982	166108417
1984	12	2867523	222649	1	204	26028919	166279321
1985	1	2869303	160639	1	205	17145911	166455555
1985	2	2871069	158686	1	206	17632224	166631428
1985	3	2872654	143550	1	207	20931921	166789983
1985	4	2874397	177240	1	208	21576431	166965206
1985	5	2876072	257804	1	209	22594949	167134477
1985	6	2877792	120601	1	210	23440626	167309084
1985	7	2879446	132808	1	211	23279497	167477783
1985	8	2881146	139644	1	212	23730657	167651831
1985	9	2882836	162104	1	213	20267392	167825611
1985	10	2884463	218254	1	214	23256063	167993551
1985	11	2886137	207513	1	215	25019675	168166855
1985	12	2887749	191400	1	216	27464906	168334354
1986	1	2889407	131343	1	217	17957407	168507235
1986	2	2891059	145015	1	218	17735738	168679917
1986	3	2892546	117672	1	219	21456316	168835736
1986	4	2894187	236320	1	220	22699928	169008087
1986	5	2895770	153315	1	221	23228231	169174726
1986	6	2897402	151850	1	222	25678833	169346792
1986	7	2898978	224602	1	223	25518681	169513185
1986	8	2900603	178705	1	224	23631538	169685010
1986	9	2902226	182611	1	225	21484635	169856733
1986	10	2903794	209954	1	226	22861055	170022846
1986	11	2905413	237785	1	227	24070486	170194419
1986	12	2906979	153315	1	228	27992719	170360404
1987	1	2908598	160639	1	229	17762594	170531882
1987	2	2910216	181146	1	230	18338257	170703331
1987	3	2911678	177240	1	231	23244341	170858176
1987	4	2913299	165034	1	232	22980195	171029608
1987	5	2914869	209466	1	233	23049038	171195517
1987	6	2916494	180658	1	234	24890285	171366989
1987	7	2918070	237297	1	235	23900083	171532963
1987	8	2919701	202630	1	236	20383597	171704523
1987	9	2921338	174311	1	237	21530048	171876151
1987	10	2922925	176752	1	238	21520280	172042320
1987	11	2924572	190912	1	239	23492868	172214120
1987	12	2926171	176264	1	240	27638241	172380485
1988	1	2927829	162592	1	241	19491046	172552514
1988	2	2929495	180658	1	242	17190346	172724679
1988	3	2931061	236809	1	243	23289750	172885874
1988	4	2932742	167475	1	244	20491992	173058349
1988	5	2934378	223137	1	245	22079346	173225429
1988	6	2936077	173822	1	246	24520179	173398263
1988	7	2937732	210930	1	247	20462209	173565718
1988	8	2939451	187982	1	248	21405538	173738977
1988	9	2941183	144526	1	249	18794298	173912466
1988	10	2942869	209954	1	250	19479334	174080593
1988	11	2944624	183099	1	251	23453810	174254590
1988	12	2946334	163081	1	252	26128524	174423225
1989	1	2948115	162592	1	253	15687466	174597771
1989	2	2949910	155757	1	254	16435978	174772620
1989	3	2951544	185052	1	255	20767865	174930824
1989	4	2953368	184076	1	256	18693713	175106290
1989	5	2955147	208977	1	257	21217557	175276424
1989	6	2957002	190912	1	258	24444989	175452583
1989	7	2958814	198724	1	259	18726428	175623413
1989	8	2960703	156245	1	260	19760573	175800313
1989	9	2962610	145991	1	261	18353392	175977614
1989	10	2964473	194818	1	262	19570639	176149592
1989	11	2966417	170893	1	263	22525618	176327726
1989	12	2968318	129390	1	264	26347268	176500531
1990	1	2970302	186029	1	265	16540467	176679544
1990	2	2972307	164057	1	266	16285592	176859026
1990	3	2974136	155268	1	267	20259580	177021557
1990	4	2976183	205071	1	268	19516440	177201969
1990	5	2978185	187494	1	269	20489551	177377051
1990	6	2980276	183588	1	270	21786873	177558460
1990	7	2982321	198236	1	271	18531609	177734497
1990	8	2984455	209466	1	272	18926129	177916895
1990	9	2986612	184564	1	273	18265508	178099783
1990	10	2988719	195794	1	274	19638993	178277239
1990	11	2990918	169916	1	275	22214106	178461082
1990	12	2993067	189935	1	276	27624534	178639457
1991	1	2995308	179682	1	277	14384925	178824243
1991	2	2997570	146968	1	278	14779297	179009504
1991	3	2999631	104000	1	279	19575578	179177239
1991	4	3001932	171381	1	280	17578941	179363386
1991	5	3004178	175287	1	281	19606228	179543967
1991	6	3006520	173822	1	282	20660524	179731008
1991	7	3008805	218743	1	283	18072800	179912449
1991	8	3011185	200189	1	284	17983986	180100374
1991	9	3013585	175775	1	285	17766809	180288748
1991	10	3015927	214348	1	286	18833668	180471460
1991	11	3018365	207024	1	287	20308824	180660689
1991	12	3020743	171381	1	288	24359080	180844222
1992	1	3023219	201165	1	289	15275858	181034289
1992	2	3025713	202142	1	290	15334451	181224782
1992	3	3028063	194329	1	291	20049137	181403359
1992	4	3030594	181146	1	292	18823592	181594651
1992	5	3033059	220696	1	293	17400302	181780162
1992	6	3035625	194329	1	294	20442191	181972259
1992	7	3038125	210442	1	295	17601471	182158537
1992	8	3040725	166498	1	296	15874472	182351410
1992	9	3043343	176752	1	297	18781603	182544676
1992	10	3045893	214837	1	298	17862197	182732075
1992	11	3048544	208001	1	299	20235168	182926093
1992	12	3051126	159663	1	300	24520180	183114218
1993	1	3053811	196771	1	301	13137061	183308983
1993	2	3056511	156245	1	302	14314884	183504114
1993	3	3058965	213860	1	303	19951722	183680679
1993	4	3061696	177728	1	304	17542709	183876504
1993	5	3064355	148921	1	305	16884033	184066354
1993	6	3067118	157710	1	306	19196860	184262873
1993	7	3069806	141109	1	307	15698414	184453388
1993	8	3072599	190423	1	308	16064345	184650598
1993	9	3075407	118160	1	309	17574222	184848144
1993	10	3078139	210930	1	310	19166342	185039637
1993	11	3080976	183099	1	311	20898251	185237838
1993	12	3083735	225090	1	312	24015087	185429962
1994	1	3086601	165522	1	313	16770326	185628799
1994	2	3089481	199700	1	314	13810813	185827963
1994	3	3092094	126461	1	315	19415000	186008119
1994	4	3095001	145015	1	316	16438420	186207876
1994	5	3097826	152827	1	317	16816035	186401481
1994	6	3100759	161616	1	318	18604346	186601834
1994	7	3103610	157710	1	319	15722639	186796008
1994	8	3106569	148921	1	320	16130880	186996944
1994	9	3109540	119137	1	321	18485513	187198167
1994	10	3112428	147944	1	322	17864800	187393176
1994	11	3115425	137691	1	323	20445048	187594952
1994	12	3118336	186517	1	324	22745212	187790494
1995	1	3121356	128902	1	325	13907255	187992816
1995	2	3124389	122066	1	326	14825188	188195403
1995	3	3127138	164545	1	327	18714220	188378610
1995	4	3130192	166498	1	328	18354370	188581699
1995	5	3133159	124508	1	329	18361696	188778480
1995	6	3136235	183588	1	330	19134614	188982064
1995	7	3139223	185052	1	331	15651826	189179315
1995	8	3142321	128414	1	332	18026744	189383380
1995	9	3145430	191888	1	333	18081431	189587687
1995	10	3148448	141597	1	334	18774275	189785622
1995	11	3151576	171869	1	335	22357652	189990384
1995	12	3154614	188470	1	336	23748234	190188757
1996	1	3157762	198724	1	337	16162057	190393954
1996	2	3160920	146968	1	338	16471132	190599368
1996	3	3163883	132808	1	339	19299162	190791726
1996	4	3167059	170404	1	340	18639030	190997549
1996	5	3170141	184076	1	341	19958320	191196927
1996	6	3173335	203607	1	342	18304077	191403152
1996	7	3176434	153315	1	343	18819683	191602903
1996	8	3179645	177240	1	344	18236209	191809512
1996	9	3182864	125972	1	345	17840226	192016301
1996	10	3185987	141109	1	346	20941685	192216588
1996	11	3189222	163081	1	347	22964080	192423736
1996	12	3192359	191400	1	348	24641754	192624361
1997	1	3195609	169916	1	349	16531677	192831845
1997	2	3198866	166987	1	350	15995562	193039494
1997	3	3201815	166010	1	351	19072121	193227187
1997	4	3205085	156245	1	352	19954409	193435140
1997	5	3208257	181635	1	353	19377772	193636530
1997	6	3211541	167475	1	354	20494925	193844784
1997	7	3214725	162592	1	355	18495480	194046447
1997	8	3218021	148433	1	356	17948621	194254981
1997	9	3221324	145503	1	357	19167817	194463650
1997	10	3224525	158198	1	358	21871341	194665705
1997	11	3227839	169916	1	359	23126184	194874630
1997	12	3231051	188470	1	360	25058249	195076927
