YEAR	MONTH	POPN	WINE	WINEOFF	MONTHN	WINESUM	POPSUM
1968	1	422915	12263	0	1	10532899	122668730
1968	2	423685	12945	0	2	10663709	122843794
1968	3	424420	14307	0	3	13266957	123008526
1968	4	425222	12945	0	4	10622152	123185652
1968	5	426015	12945	0	5	11027527	123358096
1968	6	426850	12263	0	6	10570372	123537370
1968	7	427675	11582	0	7	9506183	123711914
1968	8	428545	12945	0	8	10066211	123893371
1968	9	429433	12263	0	9	10876277	124075957
1968	10	430308	14307	0	10	12652426	124253741
1968	11	431231	17033	0	11	12941981	124438583
1968	12	432141	21802	0	12	13918959	124618569
1969	1	433100	12112	0	13	9689778	124805711
1969	2	434077	12112	0	14	9557698	124994035
1969	3	434976	13323	0	15	12486612	125165164
1969	4	435989	12718	0	16	10997229	125355783
1969	5	436987	12718	0	17	10446712	125541404
1969	6	438038	11506	0	18	10890189	125734426
1969	7	439073	12112	0	19	10307843	125922407
1969	8	440162	12718	0	20	10387673	126117882
1969	9	441271	12718	0	21	11037741	126314621
1969	10	442363	15140	0	22	11767595	126506230
1969	11	443511	16351	0	23	11789141	126705496
1969	12	444641	23013	0	24	15311003	126899561
1970	1	445830	14534	0	25	11695705	127101389
1970	2	447039	14534	0	26	10578731	127304537
1970	3	448148	12718	0	27	14224664	127489169
1970	4	449397	12112	0	28	11567368	127694861
1970	5	450625	13323	0	29	11265769	127895203
1970	6	451915	13929	0	30	12037109	128103532
1970	7	453183	13323	0	31	10975896	128306392
1970	8	454513	13929	0	32	10644026	128517288
1970	9	455862	14534	0	33	12397844	128729453
1970	10	457186	17562	0	34	13638112	128935961
1970	11	458573	18774	0	35	14384208	129150560
1970	12	459932	28463	0	36	17984503	129359392
1971	1	461355	16351	0	37	13105790	129576349
1971	2	462795	16957	0	38	12443865	129794468
1971	3	464111	19379	0	39	15639016	129992470
1971	4	465584	17562	0	40	13948784	130212749
1971	5	467025	17562	0	41	12991938	130426976
1971	6	468530	93262	0	42	14490801	130649410
1971	7	470002	78122	1	43	12079298	130865682
1971	8	471537	38153	1	44	12578310	131090184
1971	9	473088	43603	1	45	13845833	131315708
1971	10	474602	46631	1	46	14777249	131534906
1971	11	476181	60560	1	47	17157252	131762374
1971	12	477723	73883	1	48	20095625	131983421
1972	1	479328	41711	1	49	12464364	132212749
1972	2	480947	39515	1	50	12761831	132442996
1972	3	482473	46101	1	51	16170582	132659199
1972	4	484116	34576	1	52	13248087	132891164
1972	5	485717	34027	1	53	14238718	133116447
1972	6	487383	50492	1	54	15594314	133350064
1972	7	489006	40613	1	55	11516547	133576914
1972	8	490694	58175	1	56	13453901	133812111
1972	9	492391	53236	1	57	13869907	134048069
1972	10	494044	50492	1	58	15140984	134277133
1972	11	495761	58175	1	59	17280304	134514551
1972	12	497431	65310	1	60	18270385	134744973
1973	1	499166	45552	1	61	14561974	134983759
1973	2	500909	36222	1	62	13182775	135223203
1973	3	502490	53236	1	63	16553660	135440031
1973	4	504248	39515	1	64	14945606	135680684
1973	5	505956	42260	1	65	15148671	135914148
1973	6	507728	47199	1	66	14696984	136155966
1973	7	509449	40613	1	67	12561674	136390517
1973	8	511233	41711	1	68	14196457	136633419
1973	9	513023	46650	1	69	13104294	136876840
1973	10	514760	55980	1	70	16510304	137112883
1973	11	516560	48845	1	71	16704587	137357264
1973	12	518306	55980	1	72	17519594	137594194
1974	1	520115	47748	1	73	14508189	137839448
1974	2	521927	39515	1	74	12557117	138085124
1974	3	523567	43906	1	75	16059720	138307353
1974	4	525385	46650	1	76	14883584	138553755
1974	5	527147	38967	1	77	14834740	138792546
1974	6	528971	48297	1	78	14689849	139039618
1974	7	530737	39515	1	79	13422065	139279019
1974	8	532563	53785	1	80	14618503	139526684
1974	9	534390	40064	1	81	13371573	139774617
1974	10	536159	58175	1	82	16533903	140014789
1974	11	537988	45552	1	83	16155765	140263186
1974	12	539757	67505	1	84	19758248	140503772
1975	1	541585	47199	1	85	14658019	140752558
1975	2	543412	37320	1	86	13382002	141001504
1975	3	545061	58724	1	87	17225425	141226486
1975	4	546885	47199	1	88	15264469	141475689
1975	5	548648	47748	1	89	15020791	141716949
1975	6	550468	52138	1	90	15635475	141966331
1975	7	552226	42260	1	91	14718394	142207724
1975	8	554040	47199	1	92	13925340	142457205
1975	9	555851	52138	1	93	14802360	142706708
1975	10	557599	53236	1	94	17768212	142948157
1975	11	559401	58724	1	95	17335733	143197632
1975	12	561140	66408	1	96	21383319	143439013
1976	1	562933	48297	1	97	14726617	143688383
1976	2	564720	40613	1	98	13529636	143937660
1976	3	566386	68054	1	99	18692429	144170762
1976	4	568161	49394	1	100	16082767	144419813
1976	5	569873	47199	1	101	15228796	144660687
1976	6	571634	50492	1	102	16592628	144909432
1976	7	573332	49394	1	103	13993391	145149966
1976	8	575079	52138	1	104	14731561	145398307
1976	9	576817	54883	1	105	15819336	145646422
1976	10	578491	49394	1	106	16393953	145886287
1976	11	580212	69701	1	107	19162772	146133881
1976	12	581869	62566	1	108	21388259	146373207
1977	1	583571	54197	1	109	12700750	146620198
1977	2	585263	36132	1	110	12458573	146866849
1977	3	586782	48338	1	111	17807512	147089332
1977	4	588454	45897	1	112	13861845	147335280
1977	5	590061	40526	1	113	14212905	147572919
1977	6	591710	60057	1	114	15554168	147818068
1977	7	593294	54197	1	115	13394573	148054888
1977	8	594919	42967	1	116	14849604	148299147
1977	9	596531	53221	1	117	14719238	148542929
1977	10	598078	53709	1	118	15619601	148778362
1977	11	599664	63474	1	119	17827044	149021130
1977	12	601185	68845	1	120	20051090	149255545
1978	1	602743	49315	1	121	13996113	149497214
1978	2	604285	49315	1	122	13594276	149738294
1978	3	605666	67381	1	123	18495966	149955529
1978	4	607179	60057	1	124	15008292	150195438
1978	5	608629	43944	1	125	15932088	150426988
1978	6	610111	69822	1	126	16989183	150665598
1978	7	611529	50291	1	127	14782227	150895852
1978	8	612977	59568	1	128	15860799	151133080
1978	9	614408	54197	1	129	15342751	151369579
1978	10	615776	60545	1	130	17319246	151597732
1978	11	617171	65916	1	131	18718126	151832726
1978	12	618504	62986	1	132	20119449	152059377
1979	1	619862	60545	1	133	15936479	152292783
1979	2	621201	57127	1	134	13584997	152525354
1979	3	622394	65428	1	135	18520869	152734677
1979	4	623695	60057	1	136	16409610	152965594
1979	5	624934	62498	1	137	16996020	153188202
1979	6	626194	52244	1	138	16795341	153417326
1979	7	627393	59080	1	139	15186019	153638163
1979	8	628610	54686	1	140	15796837	153865420
1979	9	629806	54197	1	141	15300273	154091690
1979	10	630941	73728	1	142	18997413	154309700
1979	11	632092	79099	1	143	20324518	154533976
1979	12	633184	46873	1	144	21432881	154750017
1980	1	634288	62498	1	145	16492127	154972212
1980	2	635369	63963	1	146	15218733	155193318
1980	3	636357	73728	1	147	18706408	155399157
1980	4	637390	59080	1	148	17364654	155618098
1980	5	638366	50780	1	149	17867084	155828887
1980	6	639349	64451	1	150	17480371	156045583
1980	7	640278	80075	1	151	17969618	156254216
1980	8	641214	69822	1	152	16336860	156468720
1980	9	642127	48827	1	153	16964765	156682123
1980	10	642988	80075	1	154	21301534	156887618
1980	11	643855	87399	1	155	20702438	157098906
1980	12	644673	76169	1	156	24545082	157302379
1981	1	645497	66404	1	157	17202550	157511614
1981	2	646299	56639	1	158	15856893	157719825
1981	3	647006	85935	1	159	19395351	157907014
1981	4	647768	69334	1	160	18966653	158113308
1981	5	648487	70310	1	161	18082895	158312011
1981	6	649210	76169	1	162	19304044	158516385
1981	7	649892	72751	1	163	17848036	158713253
1981	8	650577	63474	1	164	16889090	158915757
1981	9	651244	76658	1	165	19415856	159117325
1981	10	651871	89352	1	166	21168244	159311529
1981	11	652503	84958	1	167	22621806	159511313
1981	12	653097	84958	1	168	25927363	159703813
1982	1	653695	69334	1	169	16409125	159901871
1982	2	654276	54686	1	170	16736749	160099067
1982	3	654787	84958	1	171	21170192	160276448
1982	4	655337	61521	1	172	19213227	160472049
1982	5	655856	52244	1	173	18683949	160660558
1982	6	656377	76658	1	174	20783978	160854560
1982	7	656867	63474	1	175	17166420	161041552
1982	8	657360	70310	1	176	17997449	161234012
1982	9	657840	72263	1	177	19116063	161425710
1982	10	658291	68845	1	178	20600387	161610507
1982	11	658744	83005	1	179	23867858	161800745
1982	12	659172	76169	1	180	26018669	161984157
1983	1	659601	62986	1	181	15930135	162172991
1983	2	660020	60057	1	182	16707936	162361128
1983	3	660388	76658	1	183	20945589	162530473
1983	4	660785	62986	1	184	20075013	162717331
1983	5	661159	63963	1	185	20159486	162897538
1983	6	661537	83493	1	186	21712168	163083126
1983	7	661893	86911	1	187	17678610	163262128
1983	8	662252	53709	1	188	18690297	163446502
1983	9	662602	58592	1	189	19387540	163630272
1983	10	662933	79587	1	190	20557420	163807565
1983	11	663268	98141	1	191	24749663	163990207
1983	12	663584	60545	1	192	26029897	164166428
1984	1	663905	71287	1	193	17048261	164347991
1984	2	664218	60545	1	194	17619043	164529021
1984	3	664506	63963	1	195	20447071	164697912
1984	4	664808	60545	1	196	20943149	164877969
1984	5	665095	82029	1	197	21603283	165051744
1984	6	665387	72263	1	198	21370873	165230857
1984	7	665665	77634	1	199	19508627	165403759
1984	8	665949	86911	1	200	21265404	165581979
1984	9	666228	72263	1	201	19508629	165759768
1984	10	666496	98141	1	202	23300981	165931430
1984	11	666769	91306	1	203	25193982	166108417
1984	12	667032	60057	1	204	26028919	166279321
1985	1	667301	75681	1	205	17145911	166455555
1985	2	667568	51268	1	206	17632224	166631428
1985	3	667809	82517	1	207	20931921	166789983
1985	4	668075	84958	1	208	21576431	166965206
1985	5	668331	89352	1	209	22594949	167134477
1985	6	668596	105954	1	210	23440626	167309084
1985	7	668853	121090	1	211	23279497	167477783
1985	8	669120	105465	1	212	23730657	167651831
1985	9	669387	64451	1	213	20267392	167825611
1985	10	669648	94723	1	214	23256063	167993551
1985	11	669919	83493	1	215	25019675	168166855
1985	12	670184	87888	1	216	27464906	168334354
1986	1	670461	64939	1	217	17957407	168507235
1986	2	670741	70310	1	218	17735738	168679917
1986	3	670997	86911	1	219	21456316	168835736
1986	4	671285	97165	1	220	22699928	169008087
1986	5	671567	93747	1	221	23228231	169174726
1986	6	671864	116695	1	222	25678833	169346792
1986	7	672157	111324	1	223	25518681	169513185
1986	8	672464	96188	1	224	23631538	169685010
1986	9	672778	57615	1	225	21484635	169856733
1986	10	673089	112789	1	226	22861055	170022846
1986	11	673416	86423	1	227	24070486	170194419
1986	12	673740	85446	1	228	27992719	170360404
1987	1	674083	71775	1	229	17762594	170531882
1987	2	674434	66404	1	230	18338257	170703331
1987	3	674758	104489	1	231	23244341	170858176
1987	4	675126	88864	1	232	22980195	171029608
1987	5	675491	84958	1	233	23049038	171195517
1987	6	675878	102047	1	234	24890285	171366989
1987	7	676262	93259	1	235	23900083	171532963
1987	8	676670	105465	1	236	20383597	171704523
1987	9	677089	71775	1	237	21530048	171876151
1987	10	677506	84958	1	238	21520280	172042320
1987	11	677948	80075	1	239	23492868	172214120
1987	12	678387	129390	1	240	27638241	172380485
1988	1	678854	90817	1	241	19491046	172552514
1988	2	679335	75681	1	242	17190346	172724679
1988	3	679796	77634	1	243	23289750	172885874
1988	4	680303	93259	1	244	20491992	173058349
1988	5	680808	83005	1	245	22079346	173225429
1988	6	681344	105465	1	246	24520179	173398263
1988	7	681877	89352	1	247	20462209	173565718
1988	8	682444	92282	1	248	21405538	173738977
1988	9	683026	90817	1	249	18794298	173912466
1988	10	683606	82029	1	250	19479334	174080593
1988	11	684222	91306	1	251	23453810	174254590
1988	12	684834	71287	1	252	26128524	174423225
1989	1	685484	60057	1	253	15687466	174597771
1989	2	686153	65916	1	254	16435978	174772620
1989	3	686773	61033	1	255	20767865	174930824
1989	4	687477	71287	1	256	18693713	175106290
1989	5	688178	70798	1	257	21217557	175276424
1989	6	688921	91306	1	258	24444989	175452583
1989	7	689659	96676	1	259	18726428	175623413
1989	8	690443	83493	1	260	19760573	175800313
1989	9	691247	69334	1	261	18353392	175977614
1989	10	692046	85935	1	262	19570639	176149592
1989	11	692893	70310	1	263	22525618	176327726
1989	12	693735	66404	1	264	26347268	176500531
1990	1	694626	63474	1	265	16540467	176679544
1990	2	695541	61521	1	266	16285592	176859026
1990	3	696388	61033	1	267	20259580	177021557
1990	4	697348	76169	1	268	19516440	177201969
1990	5	698300	77146	1	269	20489551	177377051
1990	6	699308	88376	1	270	21786873	177558460
1990	7	700307	97165	1	271	18531609	177734497
1990	8	701361	94235	1	272	18926129	177916895
1990	9	702440	67869	1	273	18265508	178099783
1990	10	703506	89312	1	274	19638993	178277239
1990	11	704630	87728	1	275	22214106	178461082
1990	12	705740	76169	1	276	27624534	178639457
1991	1	706910	82517	1	277	14384925	178824243
1991	2	708102	74705	1	278	14779297	179009504
1991	3	709198	66404	1	279	19575578	179177239
1991	4	710432	72751	1	280	17578941	179363386
1991	5	711648	74216	1	281	19606228	179543967
1991	6	712925	93747	1	282	20660524	179731008
1991	7	714182	81052	1	283	18072800	179912449
1991	8	715501	86423	1	284	17983986	180100374
1991	9	716842	80564	1	285	17766809	180288748
1991	10	718160	75681	1	286	18833668	180471460
1991	11	719542	83982	1	287	20308824	180660689
1991	12	720898	76169	1	288	24359080	180844222
1992	1	722320	76658	1	289	15275858	181034289
1992	2	723763	58592	1	290	15334451	181224782
1992	3	725130	73240	1	291	20049137	181403359
1992	4	726610	81540	1	292	18823592	181594651
1992	5	728062	102536	1	293	17400302	181780162
1992	6	729581	67869	1	294	20442191	181972259
1992	7	731069	86911	1	295	17601471	182158537
1992	8	732625	70798	1	296	15874472	182351410
1992	9	734200	91306	1	297	18781603	182544676
1992	10	735742	85446	1	298	17862197	182732075
1992	11	737353	94723	1	299	20235168	182926093
1992	12	738929	86423	1	300	24520180	183114218
1993	1	740576	64451	1	301	13137061	183308983
1993	2	742240	64451	1	302	14314884	183504114
1993	3	743758	74216	1	303	19951722	183680679
1993	4	745456	72751	1	304	17542709	183876504
1993	5	747115	72263	1	305	16884033	184066354
1993	6	748845	84958	1	306	19196860	184262873
1993	7	750536	84958	1	307	15698414	184453388
1993	8	752300	82029	1	308	16064345	184650598
1993	9	754079	75193	1	309	17574222	184848144
1993	10	755817	71775	1	310	19166342	185039637
1993	11	757628	87399	1	311	20898251	185237838
1993	12	759396	103024	1	312	24015087	185429962
1994	1	761237	101071	1	313	16770326	185628799
1994	2	763094	68357	1	314	13810813	185827963
1994	3	764785	73240	1	315	19415000	186008119
1994	4	766670	88376	1	316	16438420	186207876
1994	5	768509	85935	1	317	16816035	186401481
1994	6	770423	99606	1	318	18604346	186601834
1994	7	772289	104977	1	319	15722639	186796008
1994	8	774230	96676	1	320	16130880	186996944
1994	9	776186	119625	1	321	18485513	187198167
1994	10	778092	106930	1	322	17864800	187393176
1994	11	780074	101559	1	323	20445048	187594952
1994	12	782005	131343	1	324	22745212	187790494
1995	1	784013	59568	1	325	13907255	187992816
1995	2	786034	72751	1	326	14825188	188195403
1995	3	787870	70798	1	327	18714220	188378610
1995	4	789915	80564	1	328	18354370	188581699
1995	5	791906	81052	1	329	18361696	188778480
1995	6	793974	97165	1	330	19134614	188982064
1995	7	795987	101071	1	331	15651826	189179315
1995	8	798079	95212	1	332	18026744	189383380
1995	9	800182	104977	1	333	18081431	189587687
1995	10	802228	92770	1	334	18774275	189785622
1995	11	804353	88376	1	335	22357652	189990384
1995	12	806419	105465	1	336	23748234	190188757
1996	1	808565	91306	1	337	16162057	190393954
1996	2	810721	77146	1	338	16471132	190599368
1996	3	812748	70798	1	339	19299162	190791726
1996	4	814923	83493	1	340	18639030	190997549
1996	5	817038	82517	1	341	19958320	191196927
1996	6	819233	95700	1	342	18304077	191403152
1996	7	821366	93259	1	343	18819683	191602903
1996	8	823579	102536	1	344	18236209	191809512
1996	9	825800	102047	1	345	17840226	192016301
1996	10	827959	81052	1	346	20941685	192216588
1996	11	830198	85446	1	347	22964080	192423736
1996	12	832373	89352	1	348	24641754	192624361
1997	1	834628	114254	1	349	16531677	192831845
1997	2	836891	92282	1	350	15995562	193039494
1997	3	838941	89841	1	351	19072121	193227187
1997	4	841219	95700	1	352	19954409	193435140
1997	5	843430	99118	1	353	19377772	193636530
1997	6	845722	111324	1	354	20494925	193844784
1997	7	847946	113277	1	355	18495480	194046447
1997	8	850251	128414	1	356	17948621	194254981
1997	9	852563	117672	1	357	19167817	194463650
1997	10	854806	106442	1	358	21871341	194665705
1997	11	857130	116695	1	359	23126184	194874630
1997	12	859384	115719	1	360	25058249	195076927
