YEAR	MONTH	POPN	WINE	WINEOFF	MONTHN	WINESUM	POPSUM
1968	1	632078	17714	0	1	10532899	122668730
1968	2	632578	17714	0	2	10663709	122843794
1968	3	633056	19076	0	3	13266957	123008526
1968	4	633580	18395	0	4	10622152	123185652
1968	5	634097	19076	0	5	11027527	123358096
1968	6	634645	19076	0	6	10570372	123537370
1968	7	635186	21120	0	7	9506183	123711914
1968	8	635757	29296	0	8	10066211	123893371
1968	9	636341	17714	0	9	10876277	124075957
1968	10	636919	17714	0	10	12652426	124253741
1968	11	637528	25889	0	11	12941981	124438583
1968	12	638130	25208	0	12	13918959	124618569
1969	1	638764	15746	0	13	9689778	124805711
1969	2	639412	19379	0	14	9557698	124994035
1969	3	640009	16351	0	15	12486612	125165164
1969	4	640682	15746	0	16	10997229	125355783
1969	5	641347	19985	0	17	10446712	125541404
1969	6	642047	18168	0	18	10890189	125734426
1969	7	642738	19985	0	19	10307843	125922407
1969	8	643466	27858	0	20	10387673	126117882
1969	9	644208	16957	0	21	11037741	126314621
1969	10	644939	17562	0	22	11767595	126506230
1969	11	645709	24224	0	23	11789141	126705496
1969	12	646468	24224	0	24	15311003	126899561
1970	1	647266	18168	0	25	11695705	127101389
1970	2	648079	21196	0	26	10578731	127304537
1970	3	648826	18168	0	27	14224664	127489169
1970	4	649668	17562	0	28	11567368	127694861
1970	5	650497	21802	0	29	11265769	127895203
1970	6	651368	20590	0	30	12037109	128103532
1970	7	652225	22407	0	31	10975896	128306392
1970	8	653124	30886	0	32	10644026	128517288
1970	9	654038	21196	0	33	12397844	128729453
1970	10	654937	20590	0	34	13638112	128935961
1970	11	655878	26646	0	35	14384208	129150560
1970	12	656803	27252	0	36	17984503	129359392
1971	1	657772	247085	1	37	13105790	129576349
1971	2	658754	179258	1	38	12443865	129794468
1971	3	659652	119303	1	39	15639016	129992470
1971	4	660660	53293	1	40	13948784	130212749
1971	5	661647	61166	1	41	12991938	130426976
1971	6	662679	63588	1	42	14490801	130649410
1971	7	663690	78728	1	43	12079298	130865682
1971	8	664747	88418	1	44	12578310	131090184
1971	9	665816	53898	1	45	13845833	131315708
1971	10	666862	69038	1	46	14777249	131534906
1971	11	667955	54504	1	47	17157252	131762374
1971	12	669023	61771	1	48	20095625	131983421
1972	1	670138	49394	1	49	12464364	132212749
1972	2	671264	35488	1	50	12761831	132442996
1972	3	672328	57627	1	51	16170582	132659199
1972	4	673476	66408	1	52	13248087	132891164
1972	5	674596	53236	1	53	14238718	133116447
1972	6	675765	65310	1	54	15594314	133350064
1972	7	676905	57078	1	55	11516547	133576914
1972	8	678094	62017	1	56	13453901	133812111
1972	9	679292	71347	1	57	13869907	134048069
1972	10	680461	47199	1	58	15140984	134277133
1972	11	681679	64761	1	59	17280304	134514551
1972	12	682866	53785	1	60	18270385	134744973
1973	1	684102	65310	1	61	14561974	134983759
1973	2	685346	44455	1	62	13182775	135223203
1973	3	686478	63664	1	63	16553660	135440031
1973	4	687740	42260	1	64	14945606	135680684
1973	5	688969	52687	1	65	15148671	135914148
1973	6	690247	68054	1	66	14696984	136155966
1973	7	691491	53785	1	67	12561674	136390517
1973	8	692785	65859	1	68	14196457	136633419
1973	9	694087	64213	1	69	13104294	136876840
1973	10	695353	52687	1	70	16510304	137112883
1973	11	696670	49394	1	71	16704587	137357264
1973	12	697950	54883	1	72	17519594	137594194
1974	1	699280	52687	1	73	14508189	137839448
1974	2	700618	59822	1	74	12557117	138085124
1974	3	701831	60371	1	75	16059720	138307353
1974	4	703180	62566	1	76	14883584	138553755
1974	5	704492	61468	1	77	14834740	138792546
1974	6	705854	80677	1	78	14689849	139039618
1974	7	707178	46101	1	79	13422065	139279019
1974	8	708551	70250	1	80	14618503	139526684
1974	9	709930	47748	1	81	13371573	139774617
1974	10	711269	58724	1	82	16533903	140014789
1974	11	712658	49943	1	83	16155765	140263186
1974	12	714007	56529	1	84	19758248	140503772
1975	1	715406	43357	1	85	14658019	140752558
1975	2	716809	55980	1	86	13382002	141001504
1975	3	718081	68054	1	87	17225425	141226486
1975	4	719493	69152	1	88	15264469	141475689
1975	5	720863	58175	1	89	15020791	141716949
1975	6	722282	82873	1	90	15635475	141966331
1975	7	723659	65310	1	91	14718394	142207724
1975	8	725086	70250	1	92	13925340	142457205
1975	9	726516	53785	1	93	14802360	142706708
1975	10	727903	80677	1	94	17768212	142948157
1975	11	729339	45004	1	95	17335733	143197632
1975	12	730732	58724	1	96	21383319	143439013
1976	1	732173	62566	1	97	14726617	143688383
1976	2	733617	56529	1	98	13529636	143937660
1976	3	734970	74091	1	99	18692429	144170762
1976	4	736418	68603	1	100	16082767	144419813
1976	5	737821	76287	1	101	15228796	144660687
1976	6	739273	66957	1	102	16592628	144909432
1976	7	740679	71347	1	103	13993391	145149966
1976	8	742133	80677	1	104	14731561	145398307
1976	9	743589	69152	1	105	15819336	145646422
1976	10	744998	67505	1	106	16393953	145886287
1976	11	746455	62017	1	107	19162772	146133881
1976	12	747866	42808	1	108	21388259	146373207
1977	1	749324	65916	1	109	12700750	146620198
1977	2	750783	43456	1	110	12458573	146866849
1977	3	752100	73240	1	111	17807512	147089332
1977	4	753558	78611	1	112	13861845	147335280
1977	5	754969	60057	1	113	14212905	147572919
1977	6	756427	73728	1	114	15554168	147818068
1977	7	757837	56150	1	115	13394573	148054888
1977	8	759293	61521	1	116	14849604	148299147
1977	9	760748	85935	1	117	14719238	148542929
1977	10	762155	63963	1	118	15619601	148778362
1977	11	763607	51756	1	119	17827044	149021130
1977	12	765011	64939	1	120	20051090	149255545
1978	1	766460	76169	1	121	13996113	149497214
1978	2	767907	44432	1	122	13594276	149738294
1978	3	769212	68357	1	123	18495966	149955529
1978	4	770655	82029	1	124	15008292	150195438
1978	5	772049	92282	1	125	15932088	150426988
1978	6	773486	72751	1	126	16989183	150665598
1978	7	774875	70798	1	127	14782227	150895852
1978	8	776307	96188	1	128	15860799	151133080
1978	9	777735	65916	1	129	15342751	151369579
1978	10	779114	90329	1	130	17319246	151597732
1978	11	780536	55174	1	131	18718126	151832726
1978	12	781908	54686	1	132	20119449	152059377
1979	1	783322	71775	1	133	15936479	152292783
1979	2	784732	52733	1	134	13584997	152525354
1979	3	786001	115719	1	135	18520869	152734677
1979	4	787402	57615	1	136	16409610	152965594
1979	5	788754	90329	1	137	16996020	153188202
1979	6	790146	74216	1	138	16795341	153417326
1979	7	791488	75681	1	139	15186019	153638163
1979	8	792870	85935	1	140	15796837	153865420
1979	9	794246	53709	1	141	15300273	154091690
1979	10	795572	97165	1	142	18997413	154309700
1979	11	796937	90329	1	143	20324518	154533976
1979	12	798252	68357	1	144	21432881	154750017
1980	1	799605	81540	1	145	16492127	154972212
1980	2	800952	48827	1	146	15218733	155193318
1980	3	802205	68357	1	147	18706408	155399157
1980	4	803539	102047	1	148	17364654	155618098
1980	5	804823	95212	1	149	17867084	155828887
1980	6	806143	71775	1	150	17480371	156045583
1980	7	807414	90329	1	151	17969618	156254216
1980	8	808721	97653	1	152	16336860	156468720
1980	9	810020	73240	1	153	16964765	156682123
1980	10	811272	87888	1	154	21301534	156887618
1980	11	812558	86911	1	155	20702438	157098906
1980	12	813796	63963	1	156	24545082	157302379
1981	1	815069	65428	1	157	17202550	157511614
1981	2	816336	51756	1	158	15856893	157719825
1981	3	817474	100094	1	159	19395351	157907014
1981	4	818727	72751	1	160	18966653	158113308
1981	5	819934	105954	1	161	18082895	158312011
1981	6	821174	118648	1	162	19304044	158516385
1981	7	822368	100094	1	163	17848036	158713253
1981	8	823595	69822	1	164	16889090	158915757
1981	9	824816	108883	1	165	19415856	159117325
1981	10	825991	101559	1	166	21168244	159311529
1981	11	827199	62986	1	167	22621806	159511313
1981	12	828361	80564	1	168	25927363	159703813
1982	1	829556	78122	1	169	16409125	159901871
1982	2	830745	52733	1	170	16736749	160099067
1982	3	831812	87399	1	171	21170192	160276448
1982	4	832989	93747	1	172	19213227	160472049
1982	5	834120	100583	1	173	18683949	160660558
1982	6	835284	99118	1	174	20783978	160854560
1982	7	836404	99118	1	175	17166420	161041552
1982	8	837554	94235	1	176	17997449	161234012
1982	9	838699	86423	1	177	19116063	161425710
1982	10	839800	112301	1	178	20600387	161610507
1982	11	840932	75681	1	179	23867858	161800745
1982	12	842022	59568	1	180	26018669	161984157
1983	1	843141	65428	1	181	15930135	162172991
1983	2	844254	56639	1	182	16707936	162361128
1983	3	845254	78122	1	183	20945589	162530473
1983	4	846356	95212	1	184	20075013	162717331
1983	5	847416	121578	1	185	20159486	162897538
1983	6	848505	105954	1	186	21712168	163083126
1983	7	849553	102047	1	187	17678610	163262128
1983	8	850630	85446	1	188	18690297	163446502
1983	9	851701	85935	1	189	19387540	163630272
1983	10	852732	106442	1	190	20557420	163807565
1983	11	853791	70798	1	191	24749663	163990207
1983	12	854810	69334	1	192	26029897	164166428
1984	1	855856	66892	1	193	17048261	164347991
1984	2	856897	62010	1	194	17619043	164529021
1984	3	857866	85446	1	195	20447071	164697912
1984	4	858895	136714	1	196	20943149	164877969
1984	5	859885	111324	1	197	21603283	165051744
1984	6	860903	127437	1	198	21370873	165230857
1984	7	861882	91306	1	199	19508627	165403759
1984	8	862888	81052	1	200	21265404	165581979
1984	9	863888	86423	1	201	19508629	165759768
1984	10	864850	128902	1	202	23300981	165931430
1984	11	865839	80564	1	203	25193982	166108417
1984	12	866790	65428	1	204	26028919	166279321
1985	1	867767	55174	1	205	17145911	166455555
1985	2	868738	69334	1	206	17632224	166631428
1985	3	869610	94723	1	207	20931921	166789983
1985	4	870570	109371	1	208	21576431	166965206
1985	5	871494	118648	1	209	22594949	167134477
1985	6	872443	120601	1	210	23440626	167309084
1985	7	873356	130855	1	211	23279497	167477783
1985	8	874294	100583	1	212	23730657	167651831
1985	9	875226	117184	1	213	20267392	167825611
1985	10	876123	111813	1	214	23256063	167993551
1985	11	877044	98630	1	215	25019675	168166855
1985	12	877930	88864	1	216	27464906	168334354
1986	1	878840	55662	1	217	17957407	168507235
1986	2	879744	71775	1	218	17735738	168679917
1986	3	880556	106442	1	219	21456316	168835736
1986	4	881450	117672	1	220	22699928	169008087
1986	5	882310	132320	1	221	23228231	169174726
1986	6	883193	184564	1	222	25678833	169346792
1986	7	884043	203118	1	223	25518681	169513185
1986	8	884915	95212	1	224	23631538	169685010
1986	9	885782	84470	1	225	21484635	169856733
1986	10	886616	111324	1	226	22861055	170022846
1986	11	887472	116695	1	227	24070486	170194419
1986	12	888296	56639	1	228	27992719	170360404
1987	1	889142	73240	1	229	17762594	170531882
1987	2	889982	72263	1	230	18338257	170703331
1987	3	890737	109371	1	231	23244341	170858176
1987	4	891567	153315	1	232	22980195	171029608
1987	5	892366	155268	1	233	23049038	171195517
1987	6	893186	159663	1	234	24890285	171366989
1987	7	893975	157710	1	235	23900083	171532963
1987	8	894784	117672	1	236	20383597	171704523
1987	9	895589	118160	1	237	21530048	171876151
1987	10	896363	112301	1	238	21520280	172042320
1987	11	897157	112301	1	239	23492868	172214120
1987	12	897921	60545	1	240	27638241	172380485
1988	1	898706	82517	1	241	19491046	172552514
1988	2	899485	64939	1	242	17190346	172724679
1988	3	900209	136226	1	243	23289750	172885874
1988	4	900979	98630	1	244	20491992	173058349
1988	5	901719	124508	1	245	22079346	173225429
1988	6	902478	166498	1	246	24520179	173398263
1988	7	903209	148921	1	247	20462209	173565718
1988	8	903959	112789	1	248	21405538	173738977
1988	9	904704	105465	1	249	18794298	173912466
1988	10	905420	124019	1	250	19479334	174080593
1988	11	906155	109860	1	251	23453810	174254590
1988	12	906862	75681	1	252	26128524	174423225
1989	1	907587	70310	1	253	15687466	174597771
1989	2	908308	68357	1	254	16435978	174772620
1989	3	908955	86911	1	255	20767865	174930824
1989	4	909667	109371	1	256	18693713	175106290
1989	5	910351	115719	1	257	21217557	175276424
1989	6	911053	148921	1	258	24444989	175452583
1989	7	911728	134273	1	259	18726428	175623413
1989	8	912421	135738	1	260	19760573	175800313
1989	9	913109	111813	1	261	18353392	175977614
1989	10	913770	102536	1	262	19570639	176149592
1989	11	914449	84470	1	263	22525618	176327726
1989	12	915102	75681	1	264	26347268	176500531
1990	1	915772	89352	1	265	16540467	176679544
1990	2	916437	75193	1	266	16285592	176859026
1990	3	917034	100094	1	267	20259580	177021557
1990	4	917690	112301	1	268	19516440	177201969
1990	5	918321	125484	1	269	20489551	177377051
1990	6	918968	145015	1	270	21786873	177558460
1990	7	919591	133785	1	271	18531609	177734497
1990	8	920230	95700	1	272	18926129	177916895
1990	9	920864	97165	1	273	18265508	178099783
1990	10	921474	116695	1	274	19638993	178277239
1990	11	922099	85446	1	275	22214106	178461082
1990	12	922701	87399	1	276	27624534	178639457
1991	1	923318	62986	1	277	14384925	178824243
1991	2	923931	85446	1	278	14779297	179009504
1991	3	924482	68357	1	279	19575578	179177239
1991	4	925087	101559	1	280	17578941	179363386
1991	5	925669	129878	1	281	19606228	179543967
1991	6	926266	113277	1	282	20660524	179731008
1991	7	926840	127925	1	283	18072800	179912449
1991	8	927429	129878	1	284	17983986	180100374
1991	9	928015	125972	1	285	17766809	180288748
1991	10	928577	98141	1	286	18833668	180471460
1991	11	929155	69822	1	287	20308824	180660689
1991	12	929711	67381	1	288	24359080	180844222
1992	1	930281	71775	1	289	15275858	181034289
1992	2	930847	78122	1	290	15334451	181224782
1992	3	931374	80564	1	291	20049137	181403359
1992	4	931933	104977	1	292	18823592	181594651
1992	5	932471	86423	1	293	17400302	181780162
1992	6	933023	129390	1	294	20442191	181972259
1992	7	933554	119625	1	295	17601471	182158537
1992	8	934099	87888	1	296	15874472	182351410
1992	9	934641	114254	1	297	18781603	182544676
1992	10	935162	78611	1	298	17862197	182732075
1992	11	935697	65916	1	299	20235168	182926093
1992	12	936211	64451	1	300	24520180	183114218
1993	1	936739	56858	1	301	13137061	183308983
1993	2	937264	70310	1	302	14314884	183504114
1993	3	937736	94723	1	303	19951722	183680679
1993	4	938255	79587	1	304	17542709	183876504
1993	5	938754	117798	1	305	16884033	184066354
1993	6	939266	138889	1	306	19196860	184262873
1993	7	939759	170759	1	307	15698414	184453388
1993	8	940266	145698	1	308	16064345	184650598
1993	9	940769	128533	1	309	17574222	184848144
1993	10	941254	79210	1	310	19166342	185039637
1993	11	941751	69036	1	311	20898251	185237838
1993	12	942230	39400	1	312	24015087	185429962
1994	1	942722	66404	1	313	16770326	185628799
1994	2	943211	43456	1	314	13810813	185827963
1994	3	943650	84470	1	315	19415000	186008119
1994	4	944134	96676	1	316	16438420	186207876
1994	5	944600	84470	1	317	16816035	186401481
1994	6	945078	155268	1	318	18604346	186601834
1994	7	945538	100583	1	319	15722639	186796008
1994	8	946012	93259	1	320	16130880	186996944
1994	9	946482	87888	1	321	18485513	187198167
1994	10	946935	81052	1	322	17864800	187393176
1994	11	947401	76169	1	323	20445048	187594952
1994	12	947849	53221	1	324	22745212	187790494
1995	1	948310	61521	1	325	13907255	187992816
1995	2	948768	80564	1	326	14825188	188195403
1995	3	949180	79099	1	327	18714220	188378610
1995	4	949634	81540	1	328	18354370	188581699
1995	5	950072	88864	1	329	18361696	188778480
1995	6	950521	150874	1	330	19134614	188982064
1995	7	950954	121090	1	331	15651826	189179315
1995	8	951399	95212	1	332	18026744	189383380
1995	9	951842	81540	1	333	18081431	189587687
1995	10	952269	80075	1	334	18774275	189785622
1995	11	952708	120601	1	335	22357652	189990384
1995	12	953131	79099	1	336	23748234	190188757
1996	1	953566	85446	1	337	16162057	190393954
1996	2	954000	77146	1	338	16471132	190599368
1996	3	954403	116207	1	339	19299162	190791726
1996	4	954833	90817	1	340	18639030	190997549
1996	5	955247	112789	1	341	19958320	191196927
1996	6	955673	129878	1	342	18304077	191403152
1996	7	956083	146968	1	343	18819683	191602903
1996	8	956506	96188	1	344	18236209	191809512
1996	9	956927	81052	1	345	17840226	192016301
1996	10	957333	114742	1	346	20941685	192216588
1996	11	957750	124508	1	347	22964080	192423736
1996	12	958153	81540	1	348	24641754	192624361
1997	1	958568	82517	1	349	16531677	192831845
1997	2	958981	88864	1	350	15995562	193039494
1997	3	959353	95700	1	351	19072121	193227187
1997	4	959764	102047	1	352	19954409	193435140
1997	5	960160	108395	1	353	19377772	193636530
1997	6	960568	106930	1	354	20494925	193844784
1997	7	960961	161127	1	355	18495480	194046447
1997	8	961367	116695	1	356	17948621	194254981
1997	9	961771	109860	1	357	19167817	194463650
1997	10	962161	117672	1	358	21871341	194665705
1997	11	962563	106442	1	359	23126184	194874630
1997	12	962951	65916	1	360	25058249	195076927
