YEAR	MONTH	POPN	WINE	WINEOFF	MONTHN	WINESUM	POPSUM
1968	1	1137536	33384	0	1	10532899	122668730
1968	2	1138147	33384	0	2	10663709	122843794
1968	3	1138744	39515	0	3	13266957	123008526
1968	4	1139408	39515	0	4	10622152	123185652
1968	5	1140077	40197	0	5	11027527	123358096
1968	6	1140796	36790	0	6	10570372	123537370
1968	7	1141518	36109	0	7	9506183	123711914
1968	8	1142293	38153	0	8	10066211	123893371
1968	9	1143097	35428	0	9	10876277	124075957
1968	10	1143902	39515	0	10	12652426	124253741
1968	11	1144763	40197	0	11	12941981	124438583
1968	12	1145625	45647	0	12	13918959	124618569
1969	1	1146545	30886	0	13	9689778	124805711
1969	2	1147495	29674	0	14	9557698	124994035
1969	3	1148380	33914	0	15	12486612	125165164
1969	4	1149388	35125	0	16	10997229	125355783
1969	5	1150394	34519	0	17	10446712	125541404
1969	6	1151464	31491	0	18	10890189	125734426
1969	7	1152530	32097	0	19	10307843	125922407
1969	8	1153663	34519	0	20	10387673	126117882
1969	9	1154828	32702	0	21	11037741	126314621
1969	10	1155987	35730	0	22	11767595	126506230
1969	11	1157217	34519	0	23	11789141	126705496
1969	12	1158438	41181	0	24	15311003	126899561
1970	1	1159734	31491	0	25	11695705	127101389
1970	2	1161062	29069	0	26	10578731	127304537
1970	3	1162292	33914	0	27	14224664	127489169
1970	4	1163686	36336	0	28	11567368	127694861
1970	5	1165068	34519	0	29	11265769	127895203
1970	6	1166529	34519	0	30	12037109	128103532
1970	7	1167975	36336	0	31	10975896	128306392
1970	8	1169501	35730	0	32	10644026	128517288
1970	9	1171059	35730	0	33	12397844	128729453
1970	10	1172597	40575	0	34	13638112	128935961
1970	11	1174216	37547	0	35	14384208	129150560
1970	12	1175812	50870	0	36	17984503	129359392
1971	1	1177490	36942	0	37	13105790	129576349
1971	2	1179196	33914	0	38	12443865	129794468
1971	3	1180762	46631	0	39	15639016	129992470
1971	4	1182521	38758	0	40	13948784	130212749
1971	5	1184249	45420	0	41	12991938	130426976
1971	6	1186061	35730	0	42	14490801	130649410
1971	7	1187838	44814	0	43	12079298	130865682
1971	8	1189699	35125	0	44	12578310	131090184
1971	9	1191585	36942	0	45	13845833	131315708
1971	10	1193432	46026	0	46	14777249	131534906
1971	11	1195363	44209	0	47	17157252	131762374
1971	12	1197253	66616	0	48	20095625	131983421
1972	1	1199227	37869	0	49	12464364	132212749
1972	2	1201223	36222	0	50	12761831	132442996
1972	3	1203108	37869	0	51	16170582	132659199
1972	4	1205142	39515	0	52	13248087	132891164
1972	5	1207129	40613	0	53	14238718	133116447
1972	6	1209200	41162	0	54	15594314	133350064
1972	7	1211221	43357	0	55	11516547	133576914
1972	8	1213326	40064	0	56	13453901	133812111
1972	9	1215448	40613	0	57	13869907	134048069
1972	10	1217516	40064	0	58	15140984	134277133
1972	11	1219669	43357	0	59	17280304	134514551
1972	12	1221765	59822	0	60	18270385	134744973
1973	1	1223945	38967	0	61	14561974	134983759
1973	2	1226139	36771	0	62	13182775	135223203
1973	3	1228131	42808	0	63	16553660	135440031
1973	4	1230347	40064	0	64	14945606	135680684
1973	5	1232503	41162	0	65	15148671	135914148
1973	6	1234742	39515	0	66	14696984	136155966
1973	7	1236917	37320	0	67	12561674	136390517
1973	8	1239174	38967	0	68	14196457	136633419
1973	9	1241440	35674	0	69	13104294	136876840
1973	10	1243641	37320	0	70	16510304	137112883
1973	11	1245922	40064	0	71	16704587	137357264
1973	12	1248136	57627	0	72	17519594	137594194
1974	1	1250430	34027	0	73	14508189	137839448
1974	2	1252729	33478	0	74	12557117	138085124
1974	3	1254810	40613	0	75	16059720	138307353
1974	4	1257118	38967	0	76	14883584	138553755
1974	5	1259354	38967	0	77	14834740	138792546
1974	6	1261668	37320	0	78	14689849	139039618
1974	7	1263910	37320	0	79	13422065	139279019
1974	8	1266228	40064	0	80	14618503	139526684
1974	9	1268547	34576	0	81	13371573	139774617
1974	10	1270791	40613	0	82	16533903	140014789
1974	11	1273110	45004	0	83	16155765	140263186
1974	12	1275353	60920	0	84	19758248	140503772
1975	1	1277669	37320	0	85	14658019	140752558
1975	2	1279982	35674	0	86	13382002	141001504
1975	3	1282070	43357	0	87	17225425	141226486
1975	4	1284377	42260	0	88	15264469	141475689
1975	5	1286606	44455	0	89	15020791	141716949
1975	6	1288905	38967	0	90	15635475	141966331
1975	7	1291124	40613	0	91	14718394	142207724
1975	8	1293411	42260	0	92	13925340	142457205
1975	9	1295691	39515	0	93	14802360	142706708
1975	10	1297890	43906	0	94	17768212	142948157
1975	11	1300155	45004	0	95	17335733	143197632
1975	12	1302339	63664	0	96	21383319	143439013
1976	1	1304585	40064	0	97	14726617	143688383
1976	2	1306822	36771	0	98	13529636	143937660
1976	3	1308905	44455	0	99	18692429	144170762
1976	4	1311120	42260	0	100	16082767	144419813
1976	5	1313253	42808	0	101	15228796	144660687
1976	6	1315444	40613	0	102	16592628	144909432
1976	7	1317552	44455	0	103	13993391	145149966
1976	8	1319716	41711	0	104	14731561	145398307
1976	9	1321866	41162	0	105	15819336	145646422
1976	10	1323932	46650	0	106	16393953	145886287
1976	11	1326051	46650	0	107	19162772	146133881
1976	12	1328085	70250	0	108	21388259	146373207
1977	1	1330171	29784	0	109	12700750	146620198
1977	2	1332239	34179	0	110	12458573	146866849
1977	3	1334091	38573	0	111	17807512	147089332
1977	4	1336123	49315	0	112	13861845	147335280
1977	5	1338071	35643	0	113	14212905	147572919
1977	6	1340063	36620	0	114	15554168	147818068
1977	7	1341971	36132	0	115	13394573	148054888
1977	8	1343922	37596	0	116	14849604	148299147
1977	9	1345850	35643	0	117	14719238	148542929
1977	10	1347694	41503	0	118	15619601	148778362
1977	11	1349576	41503	0	119	17827044	149021130
1977	12	1351374	64451	0	120	20051090	149255545
1978	1	1353208	33202	0	121	13996113	149497214
1978	2	1355016	33202	0	122	13594276	149738294
1978	3	1356626	43944	0	123	18495966	149955529
1978	4	1358383	39549	0	124	15008292	150195438
1978	5	1360058	40526	0	125	15932088	150426988
1978	6	1361760	39061	0	126	16989183	150665598
1978	7	1363380	36620	0	127	14782227	150895852
1978	8	1365025	40038	0	128	15860799	151133080
1978	9	1366640	38085	0	129	15342751	151369579
1978	10	1368174	40038	0	130	17319246	151597732
1978	11	1369728	42967	0	131	18718126	151832726
1978	12	1371201	62498	0	132	20119449	152059377
1979	1	1372691	40038	0	133	15936479	152292783
1979	2	1374147	36620	0	134	13584997	152525354
1979	3	1375434	41503	0	135	18520869	152734677
1979	4	1376825	41503	0	136	16409610	152965594
1979	5	1378138	41014	0	137	16996020	153188202
1979	6	1379459	41503	0	138	16795341	153417326
1979	7	1380702	39549	0	139	15186019	153638163
1979	8	1381951	41503	0	140	15796837	153865420
1979	9	1383161	38573	0	141	15300273	154091690
1979	10	1384296	42479	0	142	18997413	154309700
1979	11	1385430	48338	0	143	20324518	154533976
1979	12	1386489	65916	0	144	21432881	154750017
1980	1	1387544	45897	0	145	16492127	154972212
1980	2	1388558	39549	0	146	15218733	155193318
1980	3	1389469	44920	0	147	18706408	155399157
1980	4	1390401	43944	0	148	17364654	155618098
1980	5	1391262	44920	0	149	17867084	155828887
1980	6	1392111	36620	0	150	17480371	156045583
1980	7	1392891	39549	0	151	17969618	156254216
1980	8	1393657	40526	0	152	16336860	156468720
1980	9	1394383	39549	0	153	16964765	156682123
1980	10	1395046	44920	0	154	21301534	156887618
1980	11	1395692	44920	0	155	20702438	157098906
1980	12	1396280	70310	0	156	24545082	157302379
1981	1	1396849	44920	0	157	17202550	157511614
1981	2	1397380	38085	0	158	15856893	157719825
1981	3	1397828	43456	0	159	19395351	157907014
1981	4	1398288	43944	0	160	18966653	158113308
1981	5	1398698	45897	0	161	18082895	158312011
1981	6	1399086	39549	0	162	19304044	158516385
1981	7	1399428	61033	1	163	17848036	158713253
1981	8	1399747	98141	1	164	16889090	158915757
1981	9	1400031	95700	1	165	19415856	159117325
1981	10	1400274	79587	1	166	21168244	159311529
1981	11	1400493	82029	1	167	22621806	159511313
1981	12	1400673	123531	1	168	25927363	159703813
1982	1	1400827	63474	1	169	16409125	159901871
1982	2	1400949	62986	1	170	16736749	160099067
1982	3	1401033	68845	1	171	21170192	160276448
1982	4	1401096	67869	1	172	19213227	160472049
1982	5	1401129	62010	1	173	18683949	160660558
1982	6	1401133	61521	1	174	20783978	160854560
1982	7	1401110	56150	1	175	17166420	161041552
1982	8	1401058	61521	1	176	17997449	161234012
1982	9	1400978	63963	1	177	19116063	161425710
1982	10	1400874	64939	1	178	20600387	161610507
1982	11	1400741	83982	1	179	23867858	161800745
1982	12	1400586	99118	1	180	26018669	161984157
1983	1	1400401	53221	1	181	15930135	162172991
1983	2	1400191	57127	1	182	16707936	162361128
1983	3	1399979	58592	1	183	20945589	162530473
1983	4	1399723	67869	1	184	20075013	162717331
1983	5	1399451	50780	1	185	20159486	162897538
1983	6	1399148	69334	1	186	21712168	163083126
1983	7	1398833	53221	1	187	17678610	163262128
1983	8	1398486	63474	1	188	18690297	163446502
1983	9	1398118	52733	1	189	19387540	163630272
1983	10	1397741	58592	1	190	20557420	163807565
1983	11	1397331	68845	1	191	24749663	163990207
1983	12	1396916	96188	1	192	26029897	164166428
1984	1	1396468	49803	1	193	17048261	164347991
1984	2	1396001	55174	1	194	17619043	164529021
1984	3	1395548	52244	1	195	20447071	164697912
1984	4	1395046	56639	1	196	20943149	164877969
1984	5	1394544	59568	1	197	21603283	165051744
1984	6	1394009	56639	1	198	21370873	165230857
1984	7	1393475	57127	1	199	19508627	165403759
1984	8	1392909	61033	1	200	21265404	165581979
1984	9	1392327	49315	1	201	19508629	165759768
1984	10	1391751	62498	1	202	23300981	165931430
1984	11	1391141	68357	1	203	25193982	166108417
1984	12	1390539	87888	1	204	26028919	166279321
1985	1	1389903	46873	1	205	17145911	166455555
1985	2	1389255	47850	1	206	17632224	166631428
1985	3	1388660	50780	1	207	20931921	166789983
1985	4	1387990	54197	1	208	21576431	166965206
1985	5	1387332	68357	1	209	22594949	167134477
1985	6	1386641	61521	1	210	23440626	167309084
1985	7	1385964	74216	1	211	23279497	167477783
1985	8	1385255	65916	1	212	23730657	167651831
1985	9	1384537	72263	1	213	20267392	167825611
1985	10	1383835	70798	1	214	23256063	167993551
1985	11	1383102	63963	1	215	25019675	168166855
1985	12	1382386	97165	1	216	27464906	168334354
1986	1	1381640	48338	1	217	17957407	168507235
1986	2	1380888	43456	1	218	17735738	168679917
1986	3	1380204	53221	1	219	21456316	168835736
1986	4	1379442	62498	1	220	22699928	169008087
1986	5	1378701	72263	1	221	23228231	169174726
1986	6	1377931	64939	1	222	25678833	169346792
1986	7	1377183	79099	1	223	25518681	169513185
1986	8	1376408	60545	1	224	23631538	169685010
1986	9	1375630	69334	1	225	21484635	169856733
1986	10	1374876	62010	1	226	22861055	170022846
1986	11	1374096	65916	1	227	24070486	170194419
1986	12	1373340	88376	1	228	27992719	170360404
1987	1	1372559	44920	1	229	17762594	170531882
1987	2	1371779	49803	1	230	18338257	170703331
1987	3	1371075	52733	1	231	23244341	170858176
1987	4	1370298	65428	1	232	22980195	171029608
1987	5	1369547	66892	1	233	23049038	171195517
1987	6	1368774	70310	1	234	24890285	171366989
1987	7	1368029	67381	1	235	23900083	171532963
1987	8	1367264	69334	1	236	20383597	171704523
1987	9	1366502	55662	1	237	21530048	171876151
1987	10	1365770	58104	1	238	21520280	172042320
1987	11	1365018	63474	1	239	23492868	172214120
1987	12	1364296	80564	1	240	27638241	172380485
1988	1	1363557	42479	1	241	19491046	172552514
1988	2	1362825	51756	1	242	17190346	172724679
1988	3	1362147	56150	1	243	23289750	172885874
1988	4	1361430	48338	1	244	20491992	173058349
1988	5	1360744	61521	1	245	22079346	173225429
1988	6	1360044	67381	1	246	24520179	173398263
1988	7	1359377	61033	1	247	20462209	173565718
1988	8	1358697	58592	1	248	21405538	173738977
1988	9	1358028	48338	1	249	18794298	173912466
1988	10	1357391	44920	1	250	19479334	174080593
1988	11	1356745	61033	1	251	23453810	174254590
1988	12	1356131	69334	1	252	26128524	174423225
1989	1	1355510	38573	1	253	15687466	174597771
1989	2	1354902	35155	1	254	16435978	174772620
1989	3	1354365	35643	1	255	20767865	174930824
1989	4	1353785	44920	1	256	18693713	175106290
1989	5	1353237	51268	1	257	21217557	175276424
1989	6	1352687	62986	1	258	24444989	175452583
1989	7	1352170	49803	1	259	18726428	175623413
1989	8	1351652	60545	1	260	19760573	175800313
1989	9	1351151	44920	1	261	18353392	175977614
1989	10	1350683	53221	1	262	19570639	176149592
1989	11	1350218	62498	1	263	22525618	176327726
1989	12	1349786	62498	1	264	26347268	176500531
1990	1	1349359	41503	1	265	16540467	176679544
1990	2	1348951	39549	1	266	16285592	176859026
1990	3	1348601	46385	1	267	20259580	177021557
1990	4	1348233	45897	1	268	19516440	177201969
1990	5	1347897	49803	1	269	20489551	177377051
1990	6	1347572	46873	1	270	21786873	177558460
1990	7	1347277	47362	1	271	18531609	177734497
1990	8	1346992	54686	1	272	18926129	177916895
1990	9	1346729	40526	1	273	18265508	178099783
1990	10	1346494	52733	1	274	19638993	178277239
1990	11	1346271	50780	1	275	22214106	178461082
1990	12	1346074	62986	1	276	27624534	178639457
1991	1	1345891	40038	1	277	14384925	178824243
1991	2	1345728	37596	1	278	14779297	179009504
1991	3	1345598	33690	1	279	19575578	179177239
1991	4	1345472	39061	1	280	17578941	179363386
1991	5	1345369	45409	1	281	19606228	179543967
1991	6	1345281	39061	1	282	20660524	179731008
1991	7	1345214	43944	1	283	18072800	179912449
1991	8	1345164	44432	1	284	17983986	180100374
1991	9	1345132	37108	1	285	17766809	180288748
1991	10	1345119	41503	1	286	18833668	180471460
1991	11	1345123	48338	1	287	20308824	180660689
1991	12	1345145	46873	1	288	24359080	180844222
1992	1	1345185	37108	1	289	15275858	181034289
1992	2	1345243	37596	1	290	15334451	181224782
1992	3	1345313	37108	1	291	20049137	181403359
1992	4	1345405	46385	1	292	18823592	181594651
1992	5	1345510	40526	1	293	17400302	181780162
1992	6	1345635	42479	1	294	20442191	181972259
1992	7	1345773	40038	1	295	17601471	182158537
1992	8	1345932	37596	1	296	15874472	182351410
1992	9	1346107	38085	1	297	18781603	182544676
1992	10	1346292	43456	1	298	17862197	182732075
1992	11	1346499	48338	1	299	20235168	182926093
1992	12	1346714	59080	1	300	24520180	183114218
1993	1	1346953	29296	1	301	13137061	183308983
1993	2	1347207	30272	1	302	14314884	183504114
1993	3	1347449	38085	1	303	19951722	183680679
1993	4	1347733	39061	1	304	17542709	183876504
1993	5	1348021	38085	1	305	16884033	184066354
1993	6	1348334	37596	1	306	19196860	184262873
1993	7	1348651	32714	1	307	15698414	184453388
1993	8	1348992	43944	1	308	16064345	184650598
1993	9	1349348	34667	1	309	17574222	184848144
1993	10	1349706	36132	1	310	19166342	185039637
1993	11	1350090	51756	1	311	20898251	185237838
1993	12	1350474	61033	1	312	24015087	185429962
1994	1	1350885	28808	1	313	16770326	185628799
1994	2	1351309	34179	1	314	13810813	185827963
1994	3	1351704	39061	1	315	19415000	186008119
1994	4	1352153	34179	1	316	16438420	186207876
1994	5	1352600	30272	1	317	16816035	186401481
1994	6	1353075	43944	1	318	18604346	186601834
1994	7	1353546	30272	1	319	15722639	186796008
1994	8	1354045	46873	1	320	16130880	186996944
1994	9	1354557	33690	1	321	18485513	187198167
1994	10	1355063	35011	1	322	17864800	187393176
1994	11	1355598	38360	1	323	20445048	187594952
1994	12	1356127	53428	1	324	22745212	187790494
1995	1	1356685	28808	1	325	13907255	187992816
1995	2	1357254	36620	1	326	14825188	188195403
1995	3	1357777	33690	1	327	18714220	188378610
1995	4	1358367	36132	1	328	18354370	188581699
1995	5	1358949	41991	1	329	18361696	188778480
1995	6	1359560	42479	1	330	19134614	188982064
1995	7	1360161	43944	1	331	15651826	189179315
1995	8	1360793	41503	1	332	18026744	189383380
1995	9	1361434	36620	1	333	18081431	189587687
1995	10	1362064	39549	1	334	18774275	189785622
1995	11	1362725	59080	1	335	22357652	189990384
1995	12	1363374	62498	1	336	23748234	190188757
1996	1	1364053	37108	1	337	16162057	190393954
1996	2	1364742	38085	1	338	16471132	190599368
1996	3	1365394	42479	1	339	19299162	190791726
1996	4	1366100	39061	1	340	18639030	190997549
1996	5	1366791	47850	1	341	19958320	191196927
1996	6	1367513	41014	1	342	18304077	191403152
1996	7	1368221	47850	1	343	18819683	191602903
1996	8	1368959	42479	1	344	18236209	191809512
1996	9	1369706	43944	1	345	17840226	192016301
1996	10	1370436	45897	1	346	20941685	192216588
1996	11	1371197	58592	1	347	22964080	192423736
1996	12	1371941	62498	1	348	24641754	192624361
1997	1	1372717	40038	1	349	16531677	192831845
1997	2	1373500	34179	1	350	15995562	193039494
1997	3	1374213	36132	1	351	19072121	193227187
1997	4	1375009	41014	1	352	19954409	193435140
1997	5	1375785	45897	1	353	19377772	193636530
1997	6	1376593	42479	1	354	20494925	193844784
1997	7	1377381	41014	1	355	18495480	194046447
1997	8	1378201	43944	1	356	17948621	194254981
1997	9	1379027	39549	1	357	19167817	194463650
1997	10	1379831	49803	1	358	21871341	194665705
1997	11	1380668	51268	1	359	23126184	194874630
1997	12	1381483	78122	1	360	25058249	195076927
