YEAR	MONTH	POPN	SPIR	SPIROFF	MONTHN	SPIRSUM	POPSUM
1968	1	2126713	446774	0	1	38448283	122668730
1968	2	2129396	468440	0	2	40892275	122843794
1968	3	2131935	507038	0	3	47456672	123008526
1968	4	2134682	443942	0	4	41839056	123185652
1968	5	2137373	473110	0	5	49298219	123358096
1968	6	2140188	422445	0	6	43835984	123537370
1968	7	2142945	445832	0	7	43425027	123711914
1968	8	2145828	440578	0	8	46549207	123893371
1968	9	2148746	466968	0	9	44690013	124075957
1968	10	2151605	497569	0	10	50295146	124253741
1968	11	2154594	584829	0	11	55604576	124438583
1968	12	2157522	733380	0	12	68950670	124618569
1969	1	2160584	504692	0	13	41219070	124805711
1969	2	2163683	485009	0	14	41211852	124994035
1969	3	2166514	520905	0	15	47127269	125165164
1969	4	2169684	502974	0	16	48072496	125355783
1969	5	2172789	538649	0	17	49844363	125541404
1969	6	2176036	450709	0	18	51367929	125734426
1969	7	2179214	472442	0	19	47272798	125922407
1969	8	2182538	480241	0	20	45734986	126117882
1969	9	2185901	530332	0	21	43929158	126314621
1969	10	2189194	534934	0	22	51992775	126506230
1969	11	2192636	580345	0	23	54963214	126705496
1969	12	2196006	785317	0	24	73797871	126899561
1970	1	2199529	551514	0	25	44224204	127101389
1970	2	2203093	498211	0	26	41145472	127304537
1970	3	2206349	528324	0	27	50762947	127489169
1970	4	2209993	516555	0	28	50055566	127694861
1970	5	2213560	512664	0	29	47024301	127895203
1970	6	2217287	503506	0	30	48750370	128103532
1970	7	2220933	500808	0	31	47345919	128306392
1970	8	2224740	494847	0	32	44780312	128517288
1970	9	2228587	512121	0	33	48876648	128729453
1970	10	2232346	577314	0	34	51727291	128935961
1970	11	2236269	574014	0	35	55601402	129150560
1970	12	2240100	809699	0	36	80366083	129359392
1971	1	2244095	562016	0	37	42571236	129576349
1971	2	2248126	553832	0	38	42460710	129794468
1971	3	2251797	599205	0	39	51083960	129992470
1971	4	2255894	586180	0	40	49860847	130212749
1971	5	2259891	580915	0	41	48472524	130426976
1971	6	2264053	532468	0	42	55049721	130649410
1971	7	2268112	606824	0	43	49768226	130865682
1971	8	2272337	538920	0	44	48572500	131090184
1971	9	2276593	563805	0	45	48506719	131315708
1971	10	2280740	639807	0	46	52080629	131534906
1971	11	2285054	676037	0	47	61050763	131762374
1971	12	2289256	938271	0	48	80600824	131983421
1972	1	2293626	581597	0	49	42516957	132212749
1972	2	2298022	604141	0	50	42378640	132442996
1972	3	2302158	662457	0	51	52061163	132659199
1972	4	2306605	604685	0	52	45644447	132891164
1972	5	2310931	608056	0	53	50753298	133116447
1972	6	2315425	595281	0	54	55584667	133350064
1972	7	2319797	588133	0	55	45230396	133576914
1972	8	2324336	565708	0	56	47240424	133812111
1972	9	2328898	606786	0	57	47637431	134048069
1972	10	2333332	616369	0	58	50617153	134277133
1972	11	2337934	693497	0	59	60642711	134514551
1972	12	2342406	934012	0	60	78640146	134744973
1973	1	2347045	632801	0	61	46148032	134983759
1973	2	2351703	626237	0	62	43446289	135223203
1973	3	2355925	707268	0	63	52634920	135440031
1973	4	2360615	615362	0	64	48306019	135680684
1973	5	2365169	635718	0	65	53092531	135914148
1973	6	2369890	628731	0	66	53782465	136155966
1973	7	2374472	582661	0	67	47234948	136390517
1973	8	2379220	622513	0	68	52003121	136633419
1973	9	2383981	582671	0	69	46361754	136876840
1973	10	2388601	626191	0	70	54440734	137112883
1973	11	2393385	715542	0	71	62884189	137357264
1973	12	2398025	948961	0	72	78749814	137594194
1974	1	2402830	625637	0	73	46737501	137839448
1974	2	2407644	627562	0	74	44690814	138085124
1974	3	2411999	694318	0	75	53722116	138307353
1974	4	2416829	650307	0	76	52810420	138553755
1974	5	2421509	671374	0	77	53873722	138792546
1974	6	2426352	624232	0	78	53864591	139039618
1974	7	2431043	647084	0	79	51455989	139279019
1974	8	2435896	680438	0	80	51139793	139526684
1974	9	2440752	600782	0	81	47802370	139774617
1974	10	2445456	683634	0	82	56160589	140014789
1974	11	2450318	778597	0	83	62989816	140263186
1974	12	2455026	952113	0	84	78863279	140503772
1975	1	2459891	697498	0	85	49173119	140752558
1975	2	2464757	660505	0	86	42266517	141001504
1975	3	2469151	731478	0	87	51433648	141226486
1975	4	2474015	691495	0	88	52241813	141475689
1975	5	2478721	741936	0	89	53436089	141716949
1975	6	2483581	635797	0	90	56472873	141966331
1975	7	2488281	688998	0	91	52582773	142207724
1975	8	2493134	712395	0	92	50322444	142457205
1975	9	2497981	648894	0	93	51013036	142706708
1975	10	2502667	755489	0	94	57799585	142948157
1975	11	2507504	776691	0	95	62332892	143197632
1975	12	2512177	1039892	0	96	83797634	143439013
1976	1	2516999	738824	0	97	47487323	143688383
1976	2	2521812	677542	0	98	44165435	143937660
1976	3	2526306	733340	0	99	56309357	144170762
1976	4	2531100	724204	0	100	51946944	144419813
1976	5	2535729	727747	0	101	51465386	144660687
1976	6	2540502	672403	0	102	57624996	144909432
1976	7	2545109	730880	0	103	51913304	145149966
1976	8	2549857	662061	0	104	50038305	145398307
1976	9	2554591	695442	0	105	52358874	145646422
1976	10	2559158	781037	0	106	54054291	145886287
1976	11	2563863	802304	0	107	66054361	146133881
1976	12	2568401	1110835	0	108	84114270	146373207
1977	1	2573073	699460	0	109	43527374	146620198
1977	2	2577729	683434	0	110	42269310	146866849
1977	3	2581918	749007	0	111	55303971	147089332
1977	4	2586538	739082	0	112	50016637	147335280
1977	5	2590990	683239	0	113	49322585	147572919
1977	6	2595571	659404	0	114	58444772	147818068
1977	7	2599984	696392	0	115	46469518	148054888
1977	8	2604522	685354	0	116	50022439	148299147
1977	9	2609038	717306	0	117	51654903	148542929
1977	10	2613386	777293	0	118	52463964	148778362
1977	11	2617856	806565	0	119	66223394	149021130
1977	12	2622157	1161398	0	120	82166610	149255545
1978	1	2626577	735905	0	121	45883428	149497214
1978	2	2630970	723118	0	122	45222388	149738294
1978	3	2634915	823427	0	123	57515335	149955529
1978	4	2639256	730560	0	124	50870511	150195438
1978	5	2643431	748657	0	125	51432907	150426988
1978	6	2647715	717157	0	126	58341626	150665598
1978	7	2651833	700284	0	127	47935373	150895852
1978	8	2656058	710737	0	128	53722430	151133080
1978	9	2660251	734888	0	129	51255487	151369579
1978	10	2664278	751382	0	130	56495830	151597732
1978	11	2668408	804492	0	131	66848106	151832726
1978	12	2672372	1143682	0	132	79288972	152059377
1979	1	2676434	781587	0	133	48141918	152292783
1979	2	2680461	742951	0	134	45644962	152525354
1979	3	2684068	854317	0	135	56366636	152734677
1979	4	2688026	740720	0	136	51907720	152965594
1979	5	2691820	748937	0	137	53496685	153188202
1979	6	2695704	734175	0	138	55764807	153417326
1979	7	2699426	676989	0	139	48840879	153638163
1979	8	2703233	703556	0	140	54268936	153865420
1979	9	2706999	651976	0	141	50604463	154091690
1979	10	2710605	741597	0	142	58176041	154309700
1979	11	2714290	819090	0	143	66895116	154533976
1979	12	2717815	1090176	0	144	81054253	154750017
1980	1	2721415	704995	0	145	49886493	154972212
1980	2	2724972	752643	0	146	48176331	155193318
1980	3	2728258	756824	0	147	52082797	155399157
1980	4	2731727	705843	0	148	53454827	155618098
1980	5	2735040	762451	0	149	52025492	155828887
1980	6	2738419	622935	0	150	56472473	156045583
1980	7	2741646	715295	0	151	54824922	156254216
1980	8	2744936	571252	0	152	51291160	156468720
1980	9	2748183	639646	0	153	52359278	156682123
1980	10	2751283	720483	1	154	57682680	156887618
1980	11	2754445	678011	1	155	64453022	157098906
1980	12	2757465	885982	1	156	82248104	157302379
1981	1	2760544	816391	1	157	49323253	157511614
1981	2	2763582	646649	1	158	46564612	157719825
1981	3	2766292	640231	1	159	53942710	157907014
1981	4	2769253	771819	1	160	55884062	158113308
1981	5	2772082	609384	1	161	51965492	158312011
1981	6	2774967	558624	1	162	57182813	158516385
1981	7	2777722	716595	1	163	54148961	158713253
1981	8	2780532	560983	1	164	50139480	158915757
1981	9	2783305	665850	1	165	52427300	159117325
1981	10	2785954	738878	1	166	58529897	159311529
1981	11	2788656	712636	1	167	63656818	159511313
1981	12	2791237	1060101	1	168	81649949	159703813
1982	1	2793870	658489	1	169	46281209	159901871
1982	2	2796469	652620	1	170	45597301	160099067
1982	3	2798787	700187	1	171	53957198	160276448
1982	4	2801323	717317	1	172	54571633	160472049
1982	5	2803745	648486	1	173	50272058	160660558
1982	6	2806217	617223	1	174	56377994	160854560
1982	7	2808580	686724	1	175	50497114	161041552
1982	8	2810991	603079	1	176	49452726	161234012
1982	9	2813371	637606	1	177	52801916	161425710
1982	10	2815647	710531	1	178	54857343	161610507
1982	11	2817970	748859	1	179	65381399	161800745
1982	12	2820191	1039156	1	180	78013647	161984157
1983	1	2822459	659538	1	181	44993022	162172991
1983	2	2824699	646220	1	182	43727844	162361128
1983	3	2826700	716223	1	183	54841981	162530473
1983	4	2828890	729303	1	184	50841388	162717331
1983	5	2830985	658110	1	185	51505006	162897538
1983	6	2833126	652427	1	186	58576631	163083126
1983	7	2835174	652979	1	187	47984659	163262128
1983	8	2837266	608666	1	188	51190860	163446502
1983	9	2839336	645865	1	189	51019490	163630272
1983	10	2841317	674357	1	190	51907253	163807565
1983	11	2843343	730324	1	191	65418934	163990207
1983	12	2845282	1026726	1	192	76204506	164166428
1984	1	2847266	640322	1	193	46195200	164347991
1984	2	2849229	656470	1	194	46419853	164529021
1984	3	2851047	723840	1	195	51778696	164697912
1984	4	2852973	635355	1	196	49528885	164877969
1984	5	2854818	653598	1	197	51673535	165051744
1984	6	2856708	636144	1	198	55218327	165230857
1984	7	2858519	611985	1	199	47448080	165403759
1984	8	2860375	670743	1	200	50199278	165581979
1984	9	2862213	602717	1	201	49323374	165759768
1984	10	2863978	661912	1	202	57179958	165931430
1984	11	2865786	751897	1	203	63131946	166108417
1984	12	2867523	953097	1	204	74392329	166279321
1985	1	2869303	672907	1	205	42959975	166455555
1985	2	2871069	633430	1	206	45564832	166631428
1985	3	2872654	687663	1	207	47910483	166789983
1985	4	2874397	642485	1	208	48881840	166965206
1985	5	2876072	676563	1	209	51322612	167134477
1985	6	2877792	582181	1	210	51072123	167309084
1985	7	2879446	625805	1	211	48919771	167477783
1985	8	2881146	664827	1	212	52985019	167651831
1985	9	2882836	653776	1	213	74839784	167825611
1985	10	2884463	594044	1	214	44303482	167993551
1985	11	2886137	693408	1	215	49726488	168166855
1985	12	2887749	902105	1	216	70847923	168334354
1986	1	2889407	618901	1	217	38570915	168507235
1986	2	2891059	583755	1	218	40974761	168679917
1986	3	2892546	636791	1	219	46873333	168835736
1986	4	2894187	623424	1	220	46065577	169008087
1986	5	2895770	660690	1	221	46612056	169174726
1986	6	2897402	565300	1	222	51272388	169346792
1986	7	2898978	598073	1	223	49289197	169513185
1986	8	2900603	628475	1	224	46393276	169685010
1986	9	2902226	568678	1	225	48293691	169856733
1986	10	2903794	659521	1	226	50030191	170022846
1986	11	2905413	676586	1	227	55985545	170194419
1986	12	2906979	925419	1	228	73895136	170360404
1987	1	2908598	635590	1	229	40331227	170531882
1987	2	2910216	586547	1	230	42364184	170703331
1987	3	2911678	603427	1	231	47268227	170858176
1987	4	2913299	606589	1	232	45829890	171029608
1987	5	2914869	606923	1	233	45863135	171195517
1987	6	2916494	557644	1	234	50373637	171366989
1987	7	2918070	588968	1	235	45409094	171532963
1987	8	2919701	535949	1	236	43712092	171704523
1987	9	2921338	555376	1	237	47039488	171876151
1987	10	2922925	663897	1	238	46683919	172042320
1987	11	2924572	632687	1	239	56852785	172214120
1987	12	2926171	897536	1	240	72725709	172380485
1988	1	2927829	592284	1	241	37710920	172552514
1988	2	2929495	590268	1	242	39945773	172724679
1988	3	2931061	632954	1	243	46263835	172885874
1988	4	2932742	629503	1	244	45620411	173058349
1988	5	2934378	581473	1	245	45330376	173225429
1988	6	2936077	574308	1	246	49411637	173398263
1988	7	2937732	592969	1	247	42162980	173565718
1988	8	2939451	558594	1	248	44317906	173738977
1988	9	2941183	611772	1	249	45128484	173912466
1988	10	2942869	600333	1	250	46716606	174080593
1988	11	2944624	629280	1	251	58481279	174254590
1988	12	2946334	872024	1	252	67859041	174423225
1989	1	2948115	553635	1	253	37648454	174597771
1989	2	2949910	563487	1	254	40124139	174772620
1989	3	2951544	632183	1	255	45751765	174930824
1989	4	2953368	578828	1	256	42869372	175106290
1989	5	2955147	596248	1	257	46247253	175276424
1989	6	2957002	591743	1	258	47877835	175452583
1989	7	2958814	569922	1	259	41981610	175623413
1989	8	2960703	558043	1	260	45111517	175800313
1989	9	2962610	590951	1	261	43053057	175977614
1989	10	2964473	601150	1	262	46827604	176149592
1989	11	2966417	657805	1	263	56655496	176327726
1989	12	2968318	872327	1	264	65627885	176500531
1990	1	2970302	574238	1	265	38459445	176679544
1990	2	2972307	582444	1	266	39530036	176859026
1990	3	2974136	664679	1	267	43294869	177021557
1990	4	2976183	588489	1	268	43171395	177201969
1990	5	2978185	626147	1	269	46404526	177377051
1990	6	2980276	607117	1	270	48076633	177558460
1990	7	2982321	581687	1	271	44925529	177734497
1990	8	2984455	596945	1	272	44202345	177916895
1990	9	2986612	541035	1	273	41099063	178099783
1990	10	2988719	618086	1	274	46688692	178277239
1990	11	2990918	668704	1	275	55430913	178461082
1990	12	2993067	863989	1	276	72692766	178639457
1991	1	2995308	545892	1	277	37128641	178824243
1991	2	2997570	562520	1	278	32856606	179009504
1991	3	2999631	618962	1	279	39138775	179177239
1991	4	3001932	583525	1	280	42670660	179363386
1991	5	3004178	627138	1	281	43252122	179543967
1991	6	3006520	558090	1	282	43395395	179731008
1991	7	3008805	578757	1	283	43767630	179912449
1991	8	3011185	614564	1	284	42391433	180100374
1991	9	3013585	516928	1	285	40408162	180288748
1991	10	3015927	603342	1	286	46221982	180471460
1991	11	3018365	676088	1	287	49917655	180660689
1991	12	3020743	801673	1	288	59624766	180844222
1992	1	3023219	579803	1	289	35360814	181034289
1992	2	3025713	601682	1	290	36776674	181224782
1992	3	3028063	590035	1	291	41184776	181403359
1992	4	3030594	584176	1	292	43312825	181594651
1992	5	3033059	609939	1	293	42029181	181780162
1992	6	3035625	581165	1	294	45646497	181972259
1992	7	3038125	601828	1	295	43803849	182158537
1992	8	3040725	563465	1	296	41272017	182351410
1992	9	3043343	558876	1	297	42449372	182544676
1992	10	3045893	631958	1	298	44819398	182732075
1992	11	3048544	624480	1	299	51676931	182926093
1992	12	3051126	841701	1	300	60964471	183114218
1993	1	3053811	549055	1	301	34578939	183308983
1993	2	3056511	566478	1	302	36298822	183504114
1993	3	3058965	605793	1	303	42229498	183680679
1993	4	3061696	607600	1	304	42549590	183876504
1993	5	3064355	563571	1	305	39559126	184066354
1993	6	3067118	547540	1	306	43529507	184262873
1993	7	3069806	575827	1	307	40684167	184453388
1993	8	3072599	515786	1	308	39872638	184650598
1993	9	3075407	541403	1	309	39679476	184848144
1993	10	3078139	594687	1	310	43002098	185039637
1993	11	3080976	633574	1	311	49701330	185237838
1993	12	3083735	827148	1	312	58016741	185429962
1994	1	3086601	540589	1	313	34482754	185628799
1994	2	3089481	557239	1	314	35269021	185827963
1994	3	3092094	585317	1	315	41467194	186008119
1994	4	3095001	569933	1	316	38988812	186207876
1994	5	3097826	544612	1	317	39319611	186401481
1994	6	3100759	533888	1	318	42743429	186601834
1994	7	3103610	558283	1	319	37560187	186796008
1994	8	3106569	542064	1	320	39699447	186996944
1994	9	3109540	558028	1	321	40710759	187198167
1994	10	3112428	564500	1	322	42248678	187393176
1994	11	3115425	622528	1	323	51089855	187594952
1994	12	3118336	789647	1	324	56581429	187790494
1995	1	3121356	532233	1	325	32572851	187992816
1995	2	3124389	548800	1	326	35329530	188195403
1995	3	3127138	601894	1	327	38673118	188378610
1995	4	3130192	542844	1	328	38157308	188581699
1995	5	3133159	560166	1	329	40329978	188778480
1995	6	3136235	554712	1	330	42454306	188982064
1995	7	3139223	524090	1	331	37606601	189179315
1995	8	3142321	525058	1	332	39541105	189383380
1995	9	3145430	540840	1	333	39184135	189587687
1995	10	3148448	555278	1	334	41777650	189785622
1995	11	3151576	631464	1	335	49006868	189990384
1995	12	3154614	760642	1	336	53937922	190188757
1996	1	3157762	554979	1	337	34548325	190393954
1996	2	3160920	575174	1	338	36429321	190599368
1996	3	3163883	596583	1	339	39416208	190791726
1996	4	3167059	561913	1	340	38833395	190997549
1996	5	3170141	580666	1	341	41162114	191196927
1996	6	3173335	521013	1	342	41320811	191403152
1996	7	3176434	550639	1	343	40275937	191602903
1996	8	3179645	580296	1	344	38707415	191809512
1996	9	3182864	500631	1	345	38167831	192016301
1996	10	3185987	582486	1	346	44546054	192216588
1996	11	3189222	646625	1	347	47999056	192423736
1996	12	3192359	739164	1	348	54872930	192624361
1997	1	3195609	553789	1	349	34038786	192831845
1997	2	3198866	543082	1	350	34159451	193039494
1997	3	3201815	563985	1	351	39316955	193227187
1997	4	3205085	550801	1	352	41049739	193435140
1997	5	3208257	601087	1	353	40033092	193636530
1997	6	3211541	523286	1	354	41254612	193844784
1997	7	3214725	545412	1	355	41418066	194046447
1997	8	3218021	555881	1	356	38954697	194254981
1997	9	3221324	497032	1	357	38036015	194463650
1997	10	3224525	589925	1	358	44870506	194665705
1997	11	3227839	596292	1	359	47482172	194874630
1997	12	3231051	765652	1	360	56714200	195076927
1998	1	3234376	550224	1	361	33849102	195286088
1998	2	3237705	539823	1	362	34937635	195495359
1998	3	3240716	559324	1	363	39262954	195684479
1998	4	3244055	558614	1	364	40915661	195893955
1998	5	3247290	553942	1	365	39487895	196096777
1998	6	3250638	518666	1	366	44485468	196306453
1998	7	3253881	551151	1	367	41144360	196509460
1998	8	3257236	511934	1	368	39126123	196719316
1998	9	3260596	516880	1	369	39351460	196929264
1998	10	3263850	584266	1	370	43351099	197132509
1998	11	3267216	578983	1	371	47997359	197342605
1998	12	3270476	775484	1	372	56895208	197545992
1999	1	3273849	533368	1	373	34529550	197756229
1999	2	3277224	531165	1	374	34125563	197966529
1999	3	3280274	575299	1	375	42688761	198156525
1999	4	3283654	566429	1	376	40698260	198366935
1999	5	3286927	562187	1	377	39329186	198570603
1999	6	3290311	537983	1	378	47120789	198781108
1999	7	3293588	573289	1	379	40968559	198984864
1999	8	3296976	498515	1	380	40326324	199195446
1999	9	3300365	534612	1	381	40096175	199406065
1999	10	3303646	566997	1	382	44338777	199609915
1999	11	3307038	592190	1	383	34343423	199820593
1999	12	3310321	798911	1	384	15803956	200024489
2000	1	3313714	522834	1	385	35874554	200235201
2000	2	3317108	565748	1	386	40285371	200445921
2000	3	3320284	609940	1	387	44131170	200643057
2000	4	3323678	551430	1	388	41617789	200853794
2000	5	3326724	569222	1	389	42816071	201053867
2000	6	3330015	565418	1	390	49416540	201259851
2000	7	3333306	533910	1	391	40172467	201465836
2000	8	3336597	535142	1	392	45441372	201671820
2000	9	3339888	552604	1	393	40612555	201877799
2000	10	3343178	539259	1	394	46626188	202083784
2000	11	3346469	610153	1	395	53032667	202289766
2000	12	3349760	753670	1	396	57388017	202495748
