YEAR	MONTH	POPN	SPIR	SPIROFF	MONTHN	SPIRSUM	POPSUM
1968	1	422915	87652	0	1	38448283	122668730
1968	2	423685	91979	0	2	40892275	122843794
1968	3	424420	107524	0	3	47456672	123008526
1968	4	425222	95544	0	4	41839056	123185652
1968	5	426015	104094	0	5	49298219	123358096
1968	6	426850	107964	0	6	43835984	123537370
1968	7	427675	102237	0	7	43425027	123711914
1968	8	428545	116969	0	8	46549207	123893371
1968	9	429433	97770	0	9	44690013	124075957
1968	10	430308	111864	0	10	50295146	124253741
1968	11	431231	118571	0	11	55604576	124438583
1968	12	432141	180052	0	12	68950670	124618569
1969	1	433100	90963	0	13	41219070	124805711
1969	2	434077	91616	0	14	41211852	124994035
1969	3	434976	101117	0	15	47127269	125165164
1969	4	435989	100159	0	16	48072496	125355783
1969	5	436987	109831	0	17	49844363	125541404
1969	6	438038	103593	0	18	51367929	125734426
1969	7	439073	115529	0	19	47272798	125922407
1969	8	440162	119462	0	20	45734986	126117882
1969	9	441271	111975	0	21	43929158	126314621
1969	10	442363	124638	0	22	51992775	126506230
1969	11	443511	118970	0	23	54963214	126705496
1969	12	444641	202635	0	24	73797871	126899561
1970	1	445830	100619	0	25	44224204	127101389
1970	2	447039	96854	0	26	41145472	127304537
1970	3	448148	107134	0	27	50762947	127489169
1970	4	449397	118183	0	28	50055566	127694861
1970	5	450625	100720	0	29	47024301	127895203
1970	6	451915	114767	0	30	48750370	128103532
1970	7	453183	118222	0	31	47345919	128306392
1970	8	454513	116505	0	32	44780312	128517288
1970	9	455862	116816	0	33	48876648	128729453
1970	10	457186	130462	0	34	51727291	128935961
1970	11	458573	121229	0	35	55601402	129150560
1970	12	459932	210678	0	36	80366083	129359392
1971	1	461355	99023	0	37	42571236	129576349
1971	2	462795	102127	0	38	42460710	129794468
1971	3	464111	113912	0	39	51083960	129992470
1971	4	465584	113860	0	40	49860847	130212749
1971	5	467025	115203	0	41	48472524	130426976
1971	6	468530	121051	0	42	55049721	130649410
1971	7	470002	133305	0	43	49768226	130865682
1971	8	471537	122903	0	44	48572500	131090184
1971	9	473088	125199	0	45	48506719	131315708
1971	10	474602	134406	0	46	52080629	131534906
1971	11	476181	134262	0	47	61050763	131762374
1971	12	477723	234345	0	48	80600824	131983421
1972	1	479328	102026	0	49	42516957	132212749
1972	2	480947	110102	0	50	42378640	132442996
1972	3	482473	124464	0	51	52061163	132659199
1972	4	484116	114312	0	52	45644447	132891164
1972	5	485717	124642	0	53	50753298	133116447
1972	6	487383	172190	0	54	55584667	133350064
1972	7	489006	106902	0	55	45230396	133576914
1972	8	490694	118954	0	56	47240424	133812111
1972	9	492391	123723	0	57	47637431	134048069
1972	10	494044	123220	0	58	50617153	134277133
1972	11	495761	131884	0	59	60642711	134514551
1972	12	497431	225321	0	60	78640146	134744973
1973	1	499166	106282	0	61	46148032	134983759
1973	2	500909	107815	0	62	43446289	135223203
1973	3	502490	128142	0	63	52634920	135440031
1973	4	504248	112542	0	64	48306019	135680684
1973	5	505956	121972	0	65	53092531	135914148
1973	6	507728	129305	0	66	53782465	136155966
1973	7	509449	123166	0	67	47234948	136390517
1973	8	511233	139544	0	68	52003121	136633419
1973	9	513023	122937	0	69	46361754	136876840
1973	10	514760	132785	0	70	54440734	137112883
1973	11	516560	142139	0	71	62884189	137357264
1973	12	518306	231861	0	72	78749814	137594194
1974	1	520115	112219	0	73	46737501	137839448
1974	2	521927	112581	0	74	44690814	138085124
1974	3	523567	129377	0	75	53722116	138307353
1974	4	525385	121877	0	76	52810420	138553755
1974	5	527147	132681	0	77	53873722	138792546
1974	6	528971	125414	0	78	53864591	139039618
1974	7	530737	154612	0	79	51455989	139279019
1974	8	532563	131319	0	80	51139793	139526684
1974	9	534390	161917	0	81	47802370	139774617
1974	10	536159	131517	0	82	56160589	140014789
1974	11	537988	141027	0	83	62989816	140263186
1974	12	539757	264145	0	84	78863279	140503772
1975	1	541585	112413	0	85	49173119	140752558
1975	2	543412	122247	0	86	42266517	141001504
1975	3	545061	128103	0	87	51433648	141226486
1975	4	546885	157752	0	88	52241813	141475689
1975	5	548648	161754	0	89	53436089	141716949
1975	6	550468	121135	0	90	56472873	141966331
1975	7	552226	154160	0	91	52582773	142207724
1975	8	554040	144581	0	92	50322444	142457205
1975	9	555851	171475	0	93	51013036	142706708
1975	10	557599	142075	0	94	57799585	142948157
1975	11	559401	152739	0	95	62332892	143197632
1975	12	561140	278200	0	96	83797634	143439013
1976	1	562933	121021	0	97	47487323	143688383
1976	2	564720	126106	0	98	44165435	143937660
1976	3	566386	130663	0	99	56309357	144170762
1976	4	568161	161611	0	100	51946944	144419813
1976	5	569873	160650	0	101	51465386	144660687
1976	6	571634	133724	0	102	57624996	144909432
1976	7	573332	149721	0	103	51913304	145149966
1976	8	575079	146246	0	104	50038305	145398307
1976	9	576817	177964	0	105	52358874	145646422
1976	10	578491	144953	0	106	54054291	145886287
1976	11	580212	155170	0	107	66054361	146133881
1976	12	581869	279400	0	108	84114270	146373207
1977	1	583571	130972	0	109	43527374	146620198
1977	2	585263	125222	0	110	42269310	146866849
1977	3	586782	130389	0	111	55303971	147089332
1977	4	588454	161027	0	112	50016637	147335280
1977	5	590061	170760	0	113	49322585	147572919
1977	6	591710	136115	0	114	58444772	147818068
1977	7	593294	152102	0	115	46469518	148054888
1977	8	594919	147900	0	116	50022439	148299147
1977	9	596531	185460	0	117	51654903	148542929
1977	10	598078	151183	0	118	52463964	148778362
1977	11	599664	165211	0	119	66223394	149021130
1977	12	601185	286132	0	120	82166610	149255545
1978	1	602743	145657	0	121	45883428	149497214
1978	2	604285	138555	0	122	45222388	149738294
1978	3	605666	143076	0	123	57515335	149955529
1978	4	607179	175070	0	124	50870511	150195438
1978	5	608629	175861	0	125	51432907	150426988
1978	6	610111	155107	0	126	58341626	150665598
1978	7	611529	145313	0	127	47935373	150895852
1978	8	612977	150929	0	128	53722430	151133080
1978	9	614408	187123	0	129	51255487	151369579
1978	10	615776	152506	0	130	56495830	151597732
1978	11	617171	164354	0	131	66848106	151832726
1978	12	618504	282334	0	132	79288972	152059377
1979	1	619862	150876	0	133	48141918	152292783
1979	2	621201	138605	0	134	45644962	152525354
1979	3	622394	144433	0	135	56366636	152734677
1979	4	623695	176488	0	136	51907720	152965594
1979	5	624934	173277	0	137	53496685	153188202
1979	6	626194	166070	0	138	55764807	153417326
1979	7	627393	138647	0	139	48840879	153638163
1979	8	628610	155448	0	140	54268936	153865420
1979	9	629806	188857	0	141	50604463	154091690
1979	10	630941	156831	0	142	58176041	154309700
1979	11	632092	166280	0	143	66895116	154533976
1979	12	633184	277988	0	144	81054253	154750017
1980	1	634288	193244	0	145	49886493	154972212
1980	2	635369	141315	0	146	48176331	155193318
1980	3	636357	147712	0	147	52082797	155399157
1980	4	637390	174539	0	148	53454827	155618098
1980	5	638366	180207	0	149	52025492	155828887
1980	6	639349	131504	0	150	56472473	156045583
1980	7	640278	178035	0	151	54824922	156254216
1980	8	641214	117934	0	152	51291160	156468720
1980	9	642127	192598	0	153	52359278	156682123
1980	10	642988	157279	0	154	57682680	156887618
1980	11	643855	160596	0	155	64453022	157098906
1980	12	644673	287329	0	156	82248104	157302379
1981	1	645497	194409	0	157	49323253	157511614
1981	2	646299	144667	0	158	46564612	157719825
1981	3	647006	145629	0	159	53942710	157907014
1981	4	647768	181734	0	160	55884062	158113308
1981	5	648487	185583	0	161	51965492	158312011
1981	6	649210	141794	0	162	57182813	158516385
1981	7	649892	176662	0	163	54148961	158713253
1981	8	650577	160678	0	164	50139480	158915757
1981	9	651244	157558	0	165	52427300	159117325
1981	10	651871	201658	0	166	58529897	159311529
1981	11	652503	169362	0	167	63656818	159511313
1981	12	653097	303428	0	168	81649949	159703813
1982	1	653695	132285	0	169	46281209	159901871
1982	2	654276	145847	0	170	45597301	160099067
1982	3	654787	144972	0	171	53957198	160276448
1982	4	655337	180096	0	172	54571633	160472049
1982	5	655856	179212	0	173	50272058	160660558
1982	6	656377	215004	0	174	56377994	160854560
1982	7	656867	138595	0	175	50497114	161041552
1982	8	657360	152326	0	176	49452726	161234012
1982	9	657840	151718	0	177	52801916	161425710
1982	10	658291	218160	0	178	54857343	161610507
1982	11	658744	152839	0	179	65381399	161800745
1982	12	659172	299586	0	180	78013647	161984157
1983	1	659601	119830	0	181	44993022	162172991
1983	2	660020	136203	0	182	43727844	162361128
1983	3	660388	170258	0	183	54841981	162530473
1983	4	660785	142721	0	184	50841388	162717331
1983	5	661159	170303	0	185	51505006	162897538
1983	6	661537	194073	0	186	58576631	163083126
1983	7	661893	136776	0	187	47984659	163262128
1983	8	662252	154101	0	188	51190860	163446502
1983	9	662602	186528	0	189	51019490	163630272
1983	10	662933	191722	0	190	51907253	163807565
1983	11	663268	159333	0	191	65418934	163990207
1983	12	663584	230528	0	192	76204506	164166428
1984	1	663905	147840	0	193	46195200	164347991
1984	2	664218	132989	0	194	46419853	164529021
1984	3	664506	169811	0	195	51778696	164697912
1984	4	664808	135900	0	196	49528885	164877969
1984	5	665095	170594	0	197	51673535	165051744
1984	6	665387	164004	0	198	55218327	165230857
1984	7	665665	129883	0	199	47448080	165403759
1984	8	665949	188392	0	200	50199278	165581979
1984	9	666228	148404	0	201	49323374	165759768
1984	10	666496	189549	0	202	57179958	165931430
1984	11	666769	152883	0	203	63131946	166108417
1984	12	667032	262700	0	204	74392329	166279321
1985	1	667301	123257	0	205	42959975	166455555
1985	2	667568	128292	0	206	45564832	166631428
1985	3	667809	160879	0	207	47910483	166789983
1985	4	668075	126733	0	208	48881840	166965206
1985	5	668331	130373	0	209	51322612	167134477
1985	6	668596	153326	0	210	51072123	167309084
1985	7	668853	159169	0	211	48919771	167477783
1985	8	669120	149356	0	212	52985019	167651831
1985	9	669387	231183	0	213	74839784	167825611
1985	10	669648	118183	0	214	44303482	167993551
1985	11	669919	141214	0	215	49726488	168166855
1985	12	670184	226521	0	216	70847923	168334354
1986	1	670461	107738	0	217	38570915	168507235
1986	2	670741	114616	0	218	40974761	168679917
1986	3	670997	148921	0	219	46873333	168835736
1986	4	671285	120056	0	220	46065577	169008087
1986	5	671567	125916	0	221	46612056	169174726
1986	6	671864	150878	0	222	51272388	169346792
1986	7	672157	153558	0	223	49289197	169513185
1986	8	672464	140758	0	224	46393276	169685010
1986	9	672778	171675	0	225	48293691	169856733
1986	10	673089	131387	0	226	50030191	170022846
1986	11	673416	145139	0	227	55985545	170194419
1986	12	673740	229583	0	228	73895136	170360404
1987	1	674083	109240	0	229	40331227	170531882
1987	2	674434	116260	0	230	42364184	170703331
1987	3	674758	146020	0	231	47268227	170858176
1987	4	675126	113487	0	232	45829890	171029608
1987	5	675491	121356	0	233	45863135	171195517
1987	6	675878	150187	0	234	50373637	171366989
1987	7	676262	137302	0	235	45409094	171532963
1987	8	676670	132580	0	236	43712092	171704523
1987	9	677089	155247	0	237	47039488	171876151
1987	10	677506	125188	0	238	46683919	172042320
1987	11	677948	136645	0	239	56852785	172214120
1987	12	678387	206936	0	240	72725709	172380485
1988	1	678854	116333	0	241	37710920	172552514
1988	2	679335	111550	0	242	39945773	172724679
1988	3	679796	137806	0	243	46263835	172885874
1988	4	680303	109082	0	244	45620411	173058349
1988	5	680808	164768	0	245	45330376	173225429
1988	6	681344	118555	0	246	49411637	173398263
1988	7	681877	121403	0	247	42162980	173565718
1988	8	682444	129646	0	248	44317906	173738977
1988	9	683026	154946	0	249	45128484	173912466
1988	10	683606	121731	0	250	46716606	174080593
1988	11	684222	162030	0	251	58481279	174254590
1988	12	684834	220088	0	252	67859041	174423225
1989	1	685484	109125	0	253	37648454	174597771
1989	2	686153	111733	0	254	40124139	174772620
1989	3	686773	141455	0	255	45751765	174930824
1989	4	687477	109257	0	256	42869372	175106290
1989	5	688178	134055	0	257	46247253	175276424
1989	6	688921	129356	0	258	47877835	175452583
1989	7	689659	146763	0	259	41981610	175623413
1989	8	690443	129689	0	260	45111517	175800313
1989	9	691247	156738	0	261	43053057	175977614
1989	10	692046	124224	0	262	46827604	176149592
1989	11	692893	128239	0	263	56655496	176327726
1989	12	693735	211644	0	264	65627885	176500531
1990	1	694626	108855	0	265	38459445	176679544
1990	2	695541	113080	0	266	39530036	176859026
1990	3	696388	142311	0	267	43294869	177021557
1990	4	697348	114905	0	268	43171395	177201969
1990	5	698300	125459	0	269	46404526	177377051
1990	6	699308	136060	0	270	48076633	177558460
1990	7	700307	150892	0	271	44925529	177734497
1990	8	701361	134826	0	272	44202345	177916895
1990	9	702440	160871	0	273	41099063	178099783
1990	10	703506	160258	0	274	46688692	178277239
1990	11	704630	137628	0	275	55430913	178461082
1990	12	705740	202673	0	276	72692766	178639457
1991	1	706910	104280	0	277	37128641	178824243
1991	2	708102	113421	0	278	32856606	179009504
1991	3	709198	144695	0	279	39138775	179177239
1991	4	710432	115530	0	280	42670660	179363386
1991	5	711648	123023	0	281	43252122	179543967
1991	6	712925	147083	0	282	43395395	179731008
1991	7	714182	154855	0	283	43767630	179912449
1991	8	715501	139811	0	284	42391433	180100374
1991	9	716842	165319	0	285	40408162	180288748
1991	10	718160	131104	0	286	46221982	180471460
1991	11	719542	140188	0	287	49917655	180660689
1991	12	720898	216076	0	288	59624766	180844222
1992	1	722320	111760	0	289	35360814	181034289
1992	2	723763	119278	0	290	36776674	181224782
1992	3	725130	151671	0	291	41184776	181403359
1992	4	726610	121065	0	292	43312825	181594651
1992	5	728062	131014	0	293	42029181	181780162
1992	6	729581	158208	0	294	45646497	181972259
1992	7	731069	150030	0	295	43803849	182158537
1992	8	732625	144708	0	296	41272017	182351410
1992	9	734200	169679	0	297	42449372	182544676
1992	10	735742	135139	0	298	44819398	182732075
1992	11	737353	146640	0	299	51676931	182926093
1992	12	738929	219634	0	300	60964471	183114218
1993	1	740576	123152	0	301	34578939	183308983
1993	2	742240	130063	0	302	36298822	183504114
1993	3	743758	152746	0	303	42229498	183680679
1993	4	745456	127685	0	304	42549590	183876504
1993	5	747115	124640	0	305	39559126	184066354
1993	6	748845	167542	0	306	43529507	184262873
1993	7	750536	147437	0	307	40684167	184453388
1993	8	752300	145033	0	308	39872638	184650598
1993	9	754079	169967	0	309	39679476	184848144
1993	10	755817	137856	0	310	43002098	185039637
1993	11	757628	150075	0	311	49701330	185237838
1993	12	759396	212437	0	312	58016741	185429962
1994	1	761237	131886	0	313	34482754	185628799
1994	2	763094	124306	0	314	35269021	185827963
1994	3	764785	153161	0	315	41467194	186008119
1994	4	766670	122188	0	316	38988812	186207876
1994	5	768509	126193	0	317	39319611	186401481
1994	6	770423	176490	0	318	42743429	186601834
1994	7	772289	136887	0	319	37560187	186796008
1994	8	774230	142935	0	320	39699447	186996944
1994	9	776186	169865	0	321	40710759	187198167
1994	10	778092	138321	0	322	42248678	187393176
1994	11	780074	152086	0	323	51089855	187594952
1994	12	782005	214476	0	324	56581429	187790494
1995	1	784013	162810	0	325	32572851	187992816
1995	2	786034	122911	0	326	35329530	188195403
1995	3	787870	122693	0	327	38673118	188378610
1995	4	789915	120999	0	328	38157308	188581699
1995	5	791906	161970	0	329	40329978	188778480
1995	6	793974	148993	0	330	42454306	188982064
1995	7	795987	127995	0	331	37606601	189179315
1995	8	798079	175756	0	332	39541105	189383380
1995	9	800182	135096	0	333	39184135	189587687
1995	10	802228	171803	0	334	41777650	189785622
1995	11	804353	139989	0	335	49006868	189990384
1995	12	806419	225361	0	336	53937922	190188757
1996	1	808565	122756	0	337	34548325	190393954
1996	2	810721	126791	0	338	36429321	190599368
1996	3	812748	125378	0	339	39416208	190791726
1996	4	814923	153050	0	340	38833395	190997549
1996	5	817038	131119	0	341	41162114	191196927
1996	6	819233	154295	0	342	41320811	191403152
1996	7	821366	163482	0	343	40275937	191602903
1996	8	823579	144188	0	344	38707415	191809512
1996	9	825800	137085	0	345	38167831	192016301
1996	10	827959	169742	0	346	44546054	192216588
1996	11	830198	147766	0	347	47999056	192423736
1996	12	832373	224308	0	348	54872930	192624361
1997	1	834628	121385	0	349	34038786	192831845
1997	2	836891	123372	0	350	34159451	193039494
1997	3	838941	124218	0	351	39316955	193227187
1997	4	841219	154627	0	352	41049739	193435140
1997	5	843430	131945	0	353	40033092	193636530
1997	6	845722	160680	0	354	41254612	193844784
1997	7	847946	167141	0	355	41418066	194046447
1997	8	850251	166561	0	356	38954697	194254981
1997	9	852563	142999	0	357	38036015	194463650
1997	10	854806	158748	0	358	44870506	194665705
1997	11	857130	147907	0	359	47482172	194874630
1997	12	859384	221246	0	360	56714200	195076927
1998	1	861720	135463	0	361	33849102	195286088
1998	2	864060	128458	0	362	34937635	195495359
1998	3	866179	136517	0	363	39262954	195684479
1998	4	868530	137344	0	364	40915661	195893955
1998	5	870809	150553	0	365	39487895	196096777
1998	6	873169	152417	0	366	44485468	196306453
1998	7	875457	175320	0	367	41144360	196509460
1998	8	877826	161640	0	368	39126123	196719316
1998	9	880199	153181	0	369	39351460	196929264
1998	10	882499	167012	0	370	43351099	197132509
1998	11	884879	152663	0	371	47997359	197342605
1998	12	887185	229127	0	372	56895208	197545992
1999	1	889572	137404	0	373	34529550	197756229
1999	2	891962	131449	0	374	34125563	197966529
1999	3	894123	145500	0	375	42688761	198156525
1999	4	896518	147403	0	376	40698260	198366935
1999	5	898838	153805	0	377	39329186	198570603
1999	6	901238	158419	0	378	47120789	198781108
1999	7	903562	183359	0	379	40968559	198984864
1999	8	905965	166749	0	380	40326324	199195446
1999	9	908370	158483	0	381	40096175	199406065
1999	10	910699	164663	0	382	44338777	199609915
1999	11	913107	162432	0	383	34343423	199820593
1999	12	915438	243279	0	384	15803956	200024489
2000	1	917847	136811	0	385	35874554	200235201
2000	2	920257	142444	0	386	40285371	200445921
2000	3	922512	157596	0	387	44131170	200643057
2000	4	924923	144448	0	388	41617789	200853794
2000	5	926985	100620	0	389	42816071	201053867
2000	6	929306	171155	0	390	49416540	201259851
2000	7	931628	177721	0	391	40172467	201465836
2000	8	933950	178424	0	392	45441372	201671820
2000	9	936271	168425	0	393	40612555	201877799
2000	10	938593	164159	0	394	46626188	202083784
2000	11	940915	171703	0	395	53032667	202289766
2000	12	943236	235962	0	396	57388017	202495748
