"IOWA" 1968 1 1811517 575328 362433 31340
"IOWA" 1968 2 1812651 547195 450906 38834
"IOWA" 1968 3 1813732 672370 360545 30659
"IOWA" 1968 4 1814908 701806 367057 30659
"IOWA" 1968 5 1816068 652834 462397 36790
"IOWA" 1968 6 1817289 685158 377920 27933
"IOWA" 1968 7 1818492 785844 333886 23164
"IOWA" 1968 8 1819758 703918 446211 32021
"IOWA" 1968 9 1821047 641582 366103 27252
"IOWA" 1968 10 1822317 638387 387619 29977
"IOWA" 1968 11 1823652 619506 522005 47010
"IOWA" 1968 12 1824968 581114 573614 57911
"IOWA" 1969 1 1826351 562640 393599 29674
"IOWA" 1969 2 1827758 534212 459613 35730
"IOWA" 1969 3 1829050 654286 384790 30280
"IOWA" 1969 4 1830505 646561 383587 29674
"IOWA" 1969 5 1831936 681288 480252 35125
"IOWA" 1969 6 1833440 566145 431253 30280
"IOWA" 1969 7 1834920 813348 327538 21196
"IOWA" 1969 8 1836475 782058 457776 30280
"IOWA" 1969 9 1838056 777333 379622 26646
"IOWA" 1969 10 1839611 691077 398773 29069
"IOWA" 1969 11 1841243 603745 537641 44814
"IOWA" 1969 12 1842849 638530 603919 56321
"IOWA" 1970 1 1844534 586701 427877 33308
"IOWA" 1970 2 1846247 560913 473851 39364
"IOWA" 1970 3 1847818 742199 388027 32702
"IOWA" 1970 4 1849583 700544 403001 33308
"IOWA" 1970 5 1851318 815101 501598 39364
"IOWA" 1970 6 1853137 845826 393297 30280
"IOWA" 1970 7 1854923 880305 344663 24830
"IOWA" 1970 8 1856795 725704 475067 36942
"IOWA" 1970 9 1858692 709864 395968 32097
"IOWA" 1970 10 1860551 686827 406504 37547
"IOWA" 1970 11 1862497 583322 549656 59349
"IOWA" 1970 12 1864402 728967 610298 73278
"IOWA" 1971 1 1866393 591585 440905 43603
"IOWA" 1971 2 1868408 591548 485722 50870
"IOWA" 1971 3 1870246 778938 398782 41786
"IOWA" 1971 4 1872301 762438 395220 41181
"IOWA" 1971 5 1874310 778521 505640 51476
"IOWA" 1971 6 1876405 931965 430183 38758
"IOWA" 1971 7 1878452 926843 439658 38153
"IOWA" 1971 8 1880585 728671 501002 45420
"IOWA" 1971 9 1882737 755315 394532 37547
"IOWA" 1971 10 1884837 680417 412154 40575
"IOWA" 1971 11 1887023 647464 572004 64194
"IOWA" 1971 12 1889155 666557 705380 85390
"IOWA" 1972 1 1891374 532311 342472 34576
"IOWA" 1972 2 1893607 598259 485962 51590
"IOWA" 1972 3 1895711 806067 393214 45004
"IOWA" 1972 4 1897973 756260 405559 46650
"IOWA" 1972 5 1900175 784931 486110 52138
"IOWA" 1972 6 1902463 959405 373345 38418
"IOWA" 1972 7 1904689 829621 455893 48297
"IOWA" 1972 8 1907001 1016604 424473 45004
"IOWA" 1972 9 1909325 716020 408868 44455
"IOWA" 1972 10 1911583 762606 538950 62566
"IOWA" 1972 11 1913927 649175 484956 66408
"IOWA" 1972 12 1916204 636297 776745 110314
"IOWA" 1973 1 1918566 661847 419436 51590
"IOWA" 1973 2 1920936 661145 416490 54334
"IOWA" 1973 3 1923084 770880 490828 62017
"IOWA" 1973 4 1925468 882153 436069 55431
"IOWA" 1973 5 1927781 855837 473117 55431
"IOWA" 1973 6 1930178 854834 466575 50492
"IOWA" 1973 7 1932502 909831 446362 45004
"IOWA" 1973 8 1934908 940154 491707 48845
"IOWA" 1973 9 1937319 839347 455922 49394
"IOWA" 1973 10 1939655 773959 489254 54334
"IOWA" 1973 11 1942071 721110 540008 66408
"IOWA" 1973 12 1944412 689393 834787 112509
"IOWA" 1974 1 1946833 776271 436974 49394
"IOWA" 1974 2 1949255 717726 452405 51590
"IOWA" 1974 3 1951443 797935 504501 59273
"IOWA" 1974 4 1953866 1010411 479754 55980
"IOWA" 1974 5 1956209 976434 512072 55431
"IOWA" 1974 6 1958630 919842 465337 48845
"IOWA" 1974 7 1960971 972975 488978 46101
"IOWA" 1974 8 1963387 997311 516018 52687
"IOWA" 1974 9 1965801 853123 459281 48297
"IOWA" 1974 10 1968133 854643 526842 58175
"IOWA" 1974 11 1970539 739538 563827 74640
"IOWA" 1974 12 1972862 773151 824595 119644
"IOWA" 1975 1 1975258 768024 459233 54334
"IOWA" 1975 2 1977648 678263 448375 55980
"IOWA" 1975 3 1979801 850419 495195 64213
"IOWA" 1975 4 1982178 986218 503671 61468
"IOWA" 1975 5 1984470 947620 527819 60920
"IOWA" 1975 6 1986831 1025670 484492 52687
"IOWA" 1975 7 1989108 988224 501025 53236
"IOWA" 1975 8 1991450 1090436 525633 58724
"IOWA" 1975 9 1993783 932060 494866 57627
"IOWA" 1975 10 1996030 796441 551438 68054
"IOWA" 1975 11 1998341 780992 557232 78482
"IOWA" 1975 12 2000566 818195 871566 131169
"IOWA" 1976 1 2002853 799773 491012 62017
"IOWA" 1976 2 2005127 847273 458746 59273
"IOWA" 1976 3 2007242 816125 512839 66408
"IOWA" 1976 4 2009488 902048 518257 68603
"IOWA" 1976 5 2011649 920328 521225 67505
"IOWA" 1976 6 2013865 1086185 483709 58724
"IOWA" 1976 7 2015995 1152498 551603 65859
"IOWA" 1976 8 2018180 1042181 494923 59273
"IOWA" 1976 9 2020347 971729 511841 63115
"IOWA" 1976 10 2022428 910681 554863 74640
"IOWA" 1976 11 2024560 723508 582002 85068
"IOWA" 1976 12 2026604 727758 899704 149829
"IOWA" 1977 1 2028698 721982 444372 57127
"IOWA" 1977 2 2030771 818718 441596 57615
"IOWA" 1977 3 2032626 1090056 498805 63963
"IOWA" 1977 4 2034659 1033057 503634 65428
"IOWA" 1977 5 2036605 1087289 488295 59568
"IOWA" 1977 6 2038594 1184849 474020 56639
"IOWA" 1977 7 2040497 1088123 598832 63474
"IOWA" 1977 8 2042440 1140364 465645 58592
"IOWA" 1977 9 2044359 907149 515273 63963
"IOWA" 1977 10 2046192 798136 538940 69334
"IOWA" 1977 11 2048060 775733 557830 81052
"IOWA" 1977 12 2049844 833338 880243 143550
"IOWA" 1978 1 2051661 814726 447329 60057
"IOWA" 1978 2 2053450 722689 439949 62986
"IOWA" 1978 3 2055042 1079770 514414 74705
"IOWA" 1978 4 2056777 1108351 486848 70310
"IOWA" 1978 5 2058429 1152324 503271 69822
"IOWA" 1978 6 2060107 1198197 464545 61033
"IOWA" 1978 7 2061701 1135390 490843 64939
"IOWA" 1978 8 2063318 1207469 510291 67869
"IOWA" 1978 9 2064904 1158126 503906 67869
"IOWA" 1978 10 2066408 988039 500693 71775
"IOWA" 1978 11 2067930 780928 546385 88376
"IOWA" 1978 12 2069371 856460 837085 154292
"IOWA" 1979 1 2070827 855800 456177 66892
"IOWA" 1979 2 2072248 867812 440683 68845
"IOWA" 1979 3 2073502 1075662 514559 81052
"IOWA" 1979 4 2074856 965826 495205 79587
"IOWA" 1979 5 2076132 1197801 477437 75681
"IOWA" 1979 6 2077414 1143437 492458 76658
"IOWA" 1979 7 2078619 1156426 463112 67381
"IOWA" 1979 8 2079827 1342454 506295 74705
"IOWA" 1979 9 2080996 1141389 469540 74216
"IOWA" 1979 10 2082090 948090 515509 83982
"IOWA" 1979 11 2083181 795607 549931 98141
"IOWA" 1979 12 2084198 817266 799074 172358
"IOWA" 1980 1 2085210 866719 463531 80564
"IOWA" 1980 2 2086179 839711 464358 85935
"IOWA" 1980 3 2087048 893288 478470 89841
"IOWA" 1980 4 2087935 1058296 466888 87399
"IOWA" 1980 5 2088752 1295308 525677 96188
"IOWA" 1980 6 2089555 1208789 444677 77634
"IOWA" 1980 7 2090291 1190351 500793 80075
"IOWA" 1980 8 2091012 1155993 506034 83493
"IOWA" 1980 9 2091691 1038543 470327 79099
"IOWA" 1980 10 2092309 973007 544671 95212
"IOWA" 1980 11 2092910 855631 521291 106442
"IOWA" 1980 12 2093453 859728 805579 180658
"IOWA" 1981 1 2093977 858155 484185 88376
"IOWA" 1981 2 2094463 864079 413505 81052
"IOWA" 1981 3 2094869 963234 453204 87888
"IOWA" 1981 4 2095285 1124006 469629 92770
"IOWA" 1981 5 2095652 1360448 492030 95700
"IOWA" 1981 6 2095997 1173153 458475 82517
"IOWA" 1981 7 2096297 1171717 495848 85446
"IOWA" 1981 8 2096573 1189099 464393 83493
"IOWA" 1981 9 2096816 1013093 482990 87888
"IOWA" 1981 10 2097019 878963 524278 100094
"IOWA" 1981 11 2097198 826585 485892 103024
"IOWA" 1981 12 2097339 884972 757859 183099
"IOWA" 1982 1 2097455 849194 409854 76658
"IOWA" 1982 2 2097540 872210 410348 82029
"IOWA" 1982 3 2097591 1023548 450919 86911
"IOWA" 1982 4 2097620 1050286 466197 95700
"IOWA" 1982 5 2097620 1133790 454494 88864
"IOWA" 1982 6 2097592 1168877 442338 82517
"IOWA" 1982 7 2097538 1146183 469448 82517
"IOWA" 1982 8 2097456 1194205 429674 75681
"IOWA" 1982 9 2097348 1004730 452560 83005
"IOWA" 1982 10 2097218 886208 482080 90329
"IOWA" 1982 11 2097059 912666 487043 105465
"IOWA" 1982 12 2096882 838302 717642 174799
"IOWA" 1983 1 2096675 875389 394725 76658
"IOWA" 1983 2 2096445 876028 389952 75681
"IOWA" 1983 3 2096217 999365 442489 88864
"IOWA" 1983 4 2095944 1032989 462948 93259
"IOWA" 1983 5 2095659 1188782 438829 90817
"IOWA" 1983 6 2095343 1180625 489029 78122
"IOWA" 1983 7 2095019 1136547 440725 73240
"IOWA" 1983 8 2094664 1287552 426122 75193
"IOWA" 1983 9 2094289 1061427 445921 81052
"IOWA" 1983 10 2093909 920380 443143 83982
"IOWA" 1983 11 2093499 849675 514476 99606
"IOWA" 1983 12 2093085 776477 673941 168940
"IOWA" 1984 1 2092640 811431 384063 71287
"IOWA" 1984 2 2092180 861851 392255 76658
"IOWA" 1984 3 2091735 1053290 446358 86423
"IOWA" 1984 4 2091245 946184 407133 81540
"IOWA" 1984 5 2090757 1164800 435553 87399
"IOWA" 1984 6 2090239 1158507 441867 79587
"IOWA" 1984 7 2089725 1127824 433078 71775
"IOWA" 1984 8 2089181 1229386 415885 74216
"IOWA" 1984 9 2088626 1000310 398784 74216
"IOWA" 1984 10 2088077 910929 423833 79099
"IOWA" 1984 11 2087500 822519 464391 96676
"IOWA" 1984 12 2086932 740008 622476 156733
"IOWA" 1985 1 2086335 868150 370017 77634
"IOWA" 1985 2 2085729 851787 358886 85446
"IOWA" 1985 3 2085175 881609 406095 96188
"IOWA" 1985 4 2084554 971132 390850 92770
"IOWA" 1985 5 2083946 1123980 430234 143550
"IOWA" 1985 6 2083311 1167567 399888 177728
"IOWA" 1985 7 2082691 1106767 402396 203607
"IOWA" 1985 8 2082045 1109550 432759 262687
"IOWA" 1985 9 2081395 856000 458553 168451
"IOWA" 1985 10 2080761 803025 341911 146480
"IOWA" 1985 11 2080103 761165 403060 142085
"IOWA" 1985 12 2079463 737896 550774 205071
"IOWA" 1986 1 2078800 840525 325496 122066
"IOWA" 1986 2 2078134 823280 302905 126949
"IOWA" 1986 3 2077532 898135 338234 145991
"IOWA" 1986 4 2076866 1024910 340685 183099
"IOWA" 1986 5 2076220 1138616 383644 220208
"IOWA" 1986 6 2075554 1064442 328256 176264
"IOWA" 1986 7 2074911 1082827 360090 160639
"IOWA" 1986 8 2074248 1038585 371182 177240
"IOWA" 1986 9 2073587 902845 342904 140620
"IOWA" 1986 10 2072951 926194 369594 136714
"IOWA" 1986 11 2072297 787059 349887 145503
"IOWA" 1986 12 2071668 782708 532159 221184
"IOWA" 1987 1 2071023 824346 312664 150386
"IOWA" 1987 2 2070383 939695 334986 134273
"IOWA" 1987 3 2069811 975335 404914 155757
"IOWA" 1987 4 2069184 913300 352438 173822
"IOWA" 1987 5 2068584 996371 335091 177240
"IOWA" 1987 6 2067971 1101999 369690 143550
"IOWA" 1987 7 2067387 1090161 358397 178705
"IOWA" 1987 8 2066792 1075699 346068 140620
"IOWA" 1987 9 2066206 865314 347253 106442
"IOWA" 1987 10 2065650 820772 413355 118160
"IOWA" 1987 11 2065085 760294 391030 126461
"IOWA" 1987 12 2064550 779313 597452 197747
"IOWA" 1988 1 2064009 800755 276246 103512
"IOWA" 1988 2 2063480 886007 309447 96676
"IOWA" 1988 3 2062998 883473 322968 150386
"IOWA" 1988 4 2062496 914224 338998 130855
"IOWA" 1988 5 2062024 1014545 335297 142085
"IOWA" 1988 6 2061551 1157920 353218 186029
"IOWA" 1988 7 2061108 1059088 322581 157710
"IOWA" 1988 8 2060667 1036664 387354 140132
"IOWA" 1988 9 2060243 886023 328287 114254
"IOWA" 1988 10 2059849 875225 341174 104489
"IOWA" 1988 11 2059460 791753 446850 135249
"IOWA" 1988 12 2059101 764449 483505 159663
"IOWA" 1989 1 2058750 860631 286809 91794
"IOWA" 1989 2 2058418 828333 278107 113277
"IOWA" 1989 3 2058136 897386 343837 106930
"IOWA" 1989 4 2057844 871587 312251 139644
"IOWA" 1989 5 2057583 1040053 349563 169428
"IOWA" 1989 6 2057334 1057815 342565 140620
"IOWA" 1989 7 2057116 963582 339433 145503
"IOWA" 1989 8 2056913 1073260 343647 153315
"IOWA" 1989 9 2056735 930545 311273 84958
"IOWA" 1989 10 2056586 868715 352359 85935
"IOWA" 1989 11 2056457 858820 429419 155757
"IOWA" 1989 12 2056357 752991 453628 166987
"IOWA" 1990 1 2056280 885094 307799 93259
"IOWA" 1990 2 2056230 804314 276041 72263
"IOWA" 1990 3 2056209 920069 324846 137691
"IOWA" 1990 4 2056213 910618 317089 131343
"IOWA" 1990 5 2056244 973545 356158 166498
"IOWA" 1990 6 2056304 1100526 315798 143062
"IOWA" 1990 7 2056390 965926 341283 130367
"IOWA" 1990 8 2056506 1067737 361822 124019
"IOWA" 1990 9 2056651 924763 294270 97653
"IOWA" 1990 10 2056817 989607 359812 112301
"IOWA" 1990 11 2057016 816257 412999 139644
"IOWA" 1990 12 2057234 803722 504235 169428
"IOWA" 1991 1 2057487 827446 275945 85446
"IOWA" 1991 2 2057766 820529 268487 82029
"IOWA" 1991 3 2058041 854691 285266 97653
"IOWA" 1991 4 2058371 929705 322610 126949
"IOWA" 1991 5 2058715 1018748 352377 135738
"IOWA" 1991 6 2059096 999017 294080 95700
"IOWA" 1991 7 2059489 1138844 337702 118160
"IOWA" 1991 8 2059920 1120031 353784 109371
"IOWA" 1991 9 2060376 946094 283231 83005
"IOWA" 1991 10 2060841 928797 360868 91794
"IOWA" 1991 11 2061346 807619 413502 120113
"IOWA" 1991 12 2061858 786087 461777 135249
"IOWA" 1992 1 2062411 787518 251238 57615
"IOWA" 1992 2 2062987 808501 264851 72263
"IOWA" 1992 3 2063548 927736 291457 108395
"IOWA" 1992 4 2064171 1019223 340393 83493
"IOWA" 1992 5 2064795 1021890 299464 99118
"IOWA" 1992 6 2065463 1041695 346533 108883
"IOWA" 1992 7 2066131 1098493 320540 105954
"IOWA" 1992 8 2066843 1016420 310323 75193
"IOWA" 1992 9 2067578 927155 329514 72751
"IOWA" 1992 10 2068310 863720 310896 79587
"IOWA" 1992 11 2069087 820529 392477 102047
"IOWA" 1992 12 2069860 829088 455561 140132
"IOWA" 1993 1 2070680 758715 239611 51268
"IOWA" 1993 2 2071521 824283 266869 61033
"IOWA" 1993 3 2072298 904593 319252 70310
"IOWA" 1993 4 2073178 938106 295060 73240
"IOWA" 1993 5 2074049 1033897 309826 63474
"IOWA" 1993 6 2074969 1019641 324754 74216
"IOWA" 1993 7 2075878 1007697 307197 66892
"IOWA" 1993 8 2076837 1039589 342443 68357
"IOWA" 1993 9 2077814 950936 308423 69334
"IOWA" 1993 10 2078779 873324 320468 81052
"IOWA" 1993 11 2079794 843920 402083 112301
"IOWA" 1993 12 2080795 831078 408990 123043
"IOWA" 1994 1 2081846 886472 245852 50291
"IOWA" 1994 2 2082916 768066 304100 63474
"IOWA" 1994 3 2083898 918485 290472 73728
"IOWA" 1994 4 2085002 910992 297395 68357
"IOWA" 1994 5 2086086 966740 328226 71775
"IOWA" 1994 6 2087224 1239329 293160 69334
"IOWA" 1994 7 2088341 1096223 291785 64939
"IOWA" 1994 8 2089512 1014033 338464 76658
"IOWA" 1994 9 2090699 920111 320642 70310
"IOWA" 1994 10 2091864 831105 320218 85935
"IOWA" 1994 11 2093082 902666 363990 114254
"IOWA" 1994 12 2094277 772137 441711 117184
"IOWA" 1995 1 2095526 812160 271146 61033
"IOWA" 1995 2 2096791 786562 277671 60057
"IOWA" 1995 3 2097947 823317 294671 73240
"IOWA" 1995 4 2099240 913812 297496 62498
"IOWA" 1995 5 2100505 1062958 352082 83982
"IOWA" 1995 6 2101826 1076222 318411 81540
"IOWA" 1995 7 2103118 970546 322551 69334
"IOWA" 1995 8 2104467 1098340 350915 80075
"IOWA" 1995 9 2105830 933871 295897 67869
"IOWA" 1995 10 2107161 867585 337376 91794
"IOWA" 1995 11 2108549 800169 405938 130855
"IOWA" 1995 12 2109905 817973 428909 125484
"IOWA" 1996 1 2111318 878784 295768 65916
"IOWA" 1996 2 2112744 816854 300326 74705
"IOWA" 1996 3 2114088 802640 278724 76169
"IOWA" 1996 4 2115537 938660 344079 97653
"IOWA" 1996 5 2116950 1066264 360250 92282
"IOWA" 1996 6 2118421 1130992 310387 78122
"IOWA" 1996 7 2119856 1037044 363695 80564
"IOWA" 1996 8 2121349 1151906 343546 82517
"IOWA" 1996 9 2122853 861682 300176 73728
"IOWA" 1996 10 2124318 906019 353762 127925
"IOWA" 1996 11 2125842 796579 354442 124996
"IOWA" 1996 12 2127326 831612 455417 129878
"IOWA" 1997 1 2128869 855209 292474 66404
"IOWA" 1997 2 2130421 823377 280729 69822
"IOWA" 1997 3 2131832 873142 296552 80075
"IOWA" 1997 4 2133402 829313 351506 85446
"IOWA" 1997 5 2134929 1054896 343552 89352
"IOWA" 1997 6 2136516 1194368 330749 80564
"IOWA" 1997 7 2138059 1098055 379315 80564
"IOWA" 1997 8 2139662 1076547 330608 82517
"IOWA" 1997 9 2141272 918756 326803 76658
"IOWA" 1997 10 2142838 925130 334911 105954
"IOWA" 1997 11 2144463 787474 358969 119137
"IOWA" 1997 12 2146042 856371 488147 138179
