YEAR	MONTH	POPN	SPIR	SPIROFF	MONTHN	SPIRSUM	POPSUM
1968	1	425402	112121	0	1	38448283	122668730
1968	2	425851	119204	0	2	40892275	122843794
1968	3	426281	135890	0	3	47456672	123008526
1968	4	426750	127597	0	4	41839056	123185652
1968	5	427214	144873	0	5	49298219	123358096
1968	6	427705	137922	0	6	43835984	123537370
1968	7	428190	143080	0	7	43425027	123711914
1968	8	428703	1618103	0	8	46549207	123893371
1968	9	429226	128367	0	9	44690013	124075957
1968	10	429743	150187	0	10	50295146	124253741
1968	11	430289	166142	0	11	55604576	124438583
1968	12	430828	245816	0	12	68950670	124618569
1969	1	431397	119021	0	13	41219070	124805711
1969	2	431977	121273	0	14	41211852	124994035
1969	3	432511	136434	0	15	47127269	125165164
1969	4	433114	137048	0	16	48072496	125355783
1969	5	433709	151092	0	17	49844363	125541404
1969	6	434335	138183	0	18	51367929	125734426
1969	7	434954	159388	0	19	47272798	125922407
1969	8	435605	159525	0	20	45734986	126117882
1969	9	436268	142557	0	21	43929158	126314621
1969	10	436922	175831	0	22	51992775	126506230
1969	11	437611	158518	0	23	54963214	126705496
1969	12	438289	271801	0	24	73797871	126899561
1970	1	439003	125846	0	25	44224204	127101389
1970	2	439730	122855	0	26	41145472	127304537
1970	3	440398	142479	0	27	50762947	127489169
1970	4	441150	171391	0	28	50055566	127694861
1970	5	441891	134158	0	29	47024301	127895203
1970	6	442669	142022	0	30	48750370	128103532
1970	7	443434	165481	0	31	47345919	128306392
1970	8	444237	150249	0	32	44780312	128517288
1970	9	445053	158533	0	33	48876648	128729453
1970	10	445854	176099	0	34	51727291	128935961
1970	11	446694	167802	0	35	55601402	129150560
1970	12	447517	293247	0	36	80366083	129359392
1971	1	448379	123249	0	37	42571236	129576349
1971	2	449253	133918	0	38	42460710	129794468
1971	3	450051	154077	0	39	51083960	129992470
1971	4	450945	181801	0	40	49860847	130212749
1971	5	451819	134187	0	41	48472524	130426976
1971	6	452734	153076	0	42	55049721	130649410
1971	7	453628	184516	0	43	49768226	130865682
1971	8	454561	162103	0	44	48572500	131090184
1971	9	455504	170757	0	45	48506719	131315708
1971	10	456425	181476	0	46	52080629	131534906
1971	11	457386	176644	0	47	61050763	131762374
1971	12	458324	307355	0	48	80600824	131983421
1972	1	459302	126693	0	49	42516957	132212749
1972	2	460287	141434	0	50	42378640	132442996
1972	3	461217	165673	0	51	52061163	132659199
1972	4	462218	151661	0	52	45644447	132891164
1972	5	463193	163590	0	53	50753298	133116447
1972	6	464209	173609	0	54	55584667	133350064
1972	7	465198	168721	0	55	45230396	133576914
1972	8	466227	178440	0	56	47240424	133812111
1972	9	467262	175681	0	57	47637431	134048069
1972	10	468269	170676	0	58	50617153	134277133
1972	11	469317	187849	0	59	60642711	134514551
1972	12	470336	303067	0	60	78640146	134744973
1973	1	471394	142118	0	61	46148032	134983759
1973	2	472457	146888	0	62	43446289	135223203
1973	3	473422	174719	0	63	52634920	135440031
1973	4	474495	153935	0	64	48306019	135680684
1973	5	475537	171760	0	65	53092531	135914148
1973	6	476618	184284	0	66	53782465	136155966
1973	7	477668	171806	0	67	47234948	136390517
1973	8	478757	197558	0	68	52003121	136633419
1973	9	479849	174483	0	69	46361754	136876840
1973	10	480909	185228	0	70	54440734	137112883
1973	11	482008	203911	0	71	62884189	137357264
1973	12	483073	298653	0	72	78749814	137594194
1974	1	484177	158837	0	73	46737501	137839448
1974	2	485283	153530	0	74	44690814	138085124
1974	3	486283	176784	0	75	53722116	138307353
1974	4	487393	168167	0	76	52810420	138553755
1974	5	488468	191405	0	77	53873722	138792546
1974	6	489580	177881	0	78	53864591	139039618
1974	7	490657	175962	0	79	51455989	139279019
1974	8	491771	209456	0	80	51139793	139526684
1974	9	492885	165640	0	81	47802370	139774617
1974	10	493964	198271	0	82	56160589	140014789
1974	11	495079	211578	0	83	62989816	140263186
1974	12	496157	313088	0	84	78863279	140503772
1975	1	497271	156161	0	85	49173119	140752558
1975	2	498384	154638	0	86	42266517	141001504
1975	3	499389	173788	0	87	51433648	141226486
1975	4	500500	177562	0	88	52241813	141475689
1975	5	501574	198530	0	89	53436089	141716949
1975	6	502682	177955	0	90	56472873	141966331
1975	7	503752	218114	0	91	52582773	142207724
1975	8	504856	240155	0	92	50322444	142457205
1975	9	505958	161748	0	93	51013036	142706708
1975	10	507021	207662	0	94	57799585	142948157
1975	11	508117	204339	0	95	62332892	143197632
1975	12	509174	328833	0	96	83797634	143439013
1976	1	510264	162149	0	97	47487323	143688383
1976	2	511349	161285	0	98	44165435	143937660
1976	3	512361	180741	0	99	56309357	144170762
1976	4	513439	189068	0	100	51946944	144419813
1976	5	514478	184561	0	101	51465386	144660687
1976	6	515547	195568	0	102	57624996	144909432
1976	7	516576	221361	0	103	51913304	145149966
1976	8	517635	204718	0	104	50038305	145398307
1976	9	518689	200525	0	105	52358874	145646422
1976	10	519703	214418	0	106	54054291	145886287
1976	11	520745	212760	0	107	66054361	146133881
1976	12	521747	340605	0	108	84114270	146373207
1977	1	522777	149829	0	109	43527374	146620198
1977	2	523800	162203	0	110	42269310	146866849
1977	3	524717	187586	0	111	55303971	147089332
1977	4	525727	186135	0	112	50016637	147335280
1977	5	526697	191905	0	113	49322585	147572919
1977	6	527691	256921	0	114	58444772	147818068
1977	7	528646	183860	0	115	46469518	148054888
1977	8	529625	207864	0	116	50022439	148299147
1977	9	530596	202281	0	117	51654903	148542929
1977	10	531527	198857	0	118	52463964	148778362
1977	11	532480	227228	0	119	66223394	149021130
1977	12	533393	351012	0	120	82166610	149255545
1978	1	534328	146631	0	121	45883428	149497214
1978	2	535254	163713	0	122	45222388	149738294
1978	3	536081	196225	0	123	57515335	149955529
1978	4	536987	180995	0	124	50870511	150195438
1978	5	537854	190694	0	125	51432907	150426988
1978	6	538739	206263	0	126	58341626	150665598
1978	7	539586	202029	0	127	47935373	150895852
1978	8	540450	217316	0	128	53722430	151133080
1978	9	541302	204685	0	129	51255487	151369579
1978	10	542116	196973	0	130	56495830	151597732
1978	11	542946	218825	0	131	66848106	151832726
1978	12	543737	339411	0	132	79288972	152059377
1979	1	544542	155126	0	133	48141918	152292783
1979	2	545334	167058	0	134	45644962	152525354
1979	3	546039	201328	0	135	56366636	152734677
1979	4	546807	174312	0	136	51907720	152965594
1979	5	547538	184557	0	137	53496685	153188202
1979	6	548279	204569	0	138	55764807	153417326
1979	7	548983	183014	0	139	48840879	153638163
1979	8	549697	208890	0	140	54268936	153865420
1979	9	550397	186310	0	141	50604463	154091690
1979	10	551060	208873	0	142	58176041	154309700
1979	11	551730	205140	0	143	66895116	154533976
1979	12	552365	306077	0	144	81054253	154750017
1980	1	553006	159997	0	145	49886493	154972212
1980	2	553631	166111	0	146	48176331	155193318
1980	3	554201	175222	0	147	52082797	155399157
1980	4	554795	175099	0	148	53454827	155618098
1980	5	555354	194991	0	149	52025492	155828887
1980	6	555917	174161	0	150	56472473	156045583
1980	7	556446	210171	0	151	54824922	156254216
1980	8	556977	212520	0	152	51291160	156468720
1980	9	557493	184731	0	153	52359278	156682123
1980	10	557978	216225	0	154	57682680	156887618
1980	11	558464	202635	0	155	64453022	157098906
1980	12	558921	331764	0	156	82248104	157302379
1981	1	559379	165423	0	157	49323253	157511614
1981	2	559822	164127	0	158	46564612	157719825
1981	3	560211	173041	0	159	53942710	157907014
1981	4	560628	185357	0	160	55884062	158113308
1981	5	561019	197586	0	161	51965492	158312011
1981	6	561410	189750	0	162	57182813	158516385
1981	7	561776	222989	0	163	54148961	158713253
1981	8	562141	197436	0	164	50139480	158915757
1981	9	562494	200605	0	165	52427300	159117325
1981	10	562824	225235	0	166	58529897	159311529
1981	11	563153	193581	0	167	63656818	159511313
1981	12	563460	336404	0	168	81649949	159703813
1982	1	563766	154695	0	169	46281209	159901871
1982	2	564060	163234	0	170	45597301	160099067
1982	3	564317	179820	0	171	53957198	160276448
1982	4	564591	206671	0	172	54571633	160472049
1982	5	564845	168719	0	173	50272058	160660558
1982	6	565098	188159	0	174	56377994	160854560
1982	7	565333	222966	0	175	50497114	161041552
1982	8	565566	187992	0	176	49452726	161234012
1982	9	565790	202254	0	177	52801916	161425710
1982	10	565997	209559	0	178	54857343	161610507
1982	11	566202	201630	0	179	65381399	161800745
1982	12	566392	318930	0	180	78013647	161984157
1983	1	566580	150687	0	181	44993022	162172991
1983	2	566759	157463	0	182	43727844	162361128
1983	3	566913	185755	0	183	54841981	162530473
1983	4	567077	184184	0	184	50841388	162717331
1983	5	567228	175980	0	185	51505006	162897538
1983	6	567376	195610	0	186	58576631	163083126
1983	7	567513	210138	0	187	47984659	163262128
1983	8	567647	198152	0	188	51190860	163446502
1983	9	567775	204824	0	189	51019490	163630272
1983	10	567892	188541	0	190	51907253	163807565
1983	11	568006	201546	0	191	65418934	163990207
1983	12	568112	311598	0	192	76204506	164166428
1984	1	568214	148715	0	193	46195200	164347991
1984	2	568311	159734	0	194	46419853	164529021
1984	3	568397	185851	0	195	51778696	164697912
1984	4	568484	155560	0	196	49528885	164877969
1984	5	568564	181433	0	197	51673535	165051744
1984	6	568641	193468	0	198	55218327	165230857
1984	7	568712	181465	0	199	47448080	165403759
1984	8	568780	201885	0	200	50199278	165581979
1984	9	568845	181868	0	201	49323374	165759768
1984	10	568904	183969	0	202	57179958	165931430
1984	11	568962	194498	0	203	63131946	166108417
1984	12	569014	272485	0	204	74392329	166279321
1985	1	569066	149954	0	205	42959975	166455555
1985	2	569114	145783	0	206	45564832	166631428
1985	3	569156	164829	0	207	47910483	166789983
1985	4	569200	155207	0	208	48881840	166965206
1985	5	569240	173858	0	209	51322612	167134477
1985	6	569280	171792	0	210	51072123	167309084
1985	7	569317	181895	0	211	48919771	167477783
1985	8	569354	205798	0	212	52985019	167651831
1985	9	569390	216950	0	213	74839784	167825611
1985	10	569424	150325	0	214	44303482	167993551
1985	11	569458	177565	0	215	49726488	168166855
1985	12	569491	248433	0	216	70847923	168334354
1986	1	569524	128227	0	217	38570915	168507235
1986	2	569558	126980	0	218	40974761	168679917
1986	3	569588	145889	0	219	46873333	168835736
1986	4	569623	146657	0	220	46065577	169008087
1986	5	569657	166795	0	221	46612056	169174726
1986	6	569693	147955	0	222	51272388	169346792
1986	7	569729	185936	0	223	49289197	169513185
1986	8	569767	179481	0	224	46393276	169685010
1986	9	569807	154255	0	225	48293691	169856733
1986	10	569848	168618	0	226	50030191	170022846
1986	11	569893	161952	0	227	55985545	170194419
1986	12	569938	241248	0	228	73895136	170360404
1987	1	569987	128399	0	229	40331227	170531882
1987	2	570039	126671	0	230	42364184	170703331
1987	3	570089	135497	0	231	47268227	170858176
1987	4	570147	131925	0	232	45829890	171029608
1987	5	570207	148739	0	233	45863135	171195517
1987	6	570273	146500	0	234	50373637	171366989
1987	7	570340	170634	0	235	45409094	171532963
1987	8	570414	152748	0	236	43712092	171704523
1987	9	570492	151200	0	237	47039488	171876151
1987	10	570572	159185	0	238	46683919	172042320
1987	11	570660	141667	0	239	56852785	172214120
1987	12	570750	240014	0	240	72725709	172380485
1988	1	570849	114771	0	241	37710920	172552514
1988	2	570953	115759	0	242	39945773	172724679
1988	3	571056	139315	0	243	46263835	172885874
1988	4	571172	135234	0	244	45620411	173058349
1988	5	571290	135267	0	245	45330376	173225429
1988	6	571419	152906	0	246	49411637	173398263
1988	7	571550	162712	0	247	42162980	173565718
1988	8	571693	157368	0	248	44317906	173738977
1988	9	571843	157198	0	249	45128484	173912466
1988	10	571995	144254	0	250	46716606	174080593
1988	11	572161	155437	0	251	58481279	174254590
1988	12	572328	234719	0	252	67859041	174423225
1989	1	572510	116240	0	253	37648454	174597771
1989	2	572700	115809	0	254	40124139	174772620
1989	3	572879	142698	0	255	45751765	174930824
1989	4	573086	131336	0	256	42869372	175106290
1989	5	573295	137359	0	257	46247253	175276424
1989	6	573520	145366	0	258	47877835	175452583
1989	7	573748	158614	0	259	41981610	175623413
1989	8	573993	130189	0	260	45111517	175800313
1989	9	574248	152836	0	261	43053057	175977614
1989	10	574504	130647	0	262	46827604	176149592
1989	11	574780	155481	0	263	56655496	176327726
1989	12	575058	211216	0	264	65627885	176500531
1990	1	575355	112433	0	265	38459445	176679544
1990	2	575664	122223	0	266	39530036	176859026
1990	3	575954	142664	0	267	43294869	177021557
1990	4	576285	126380	0	268	43171395	177201969
1990	5	576617	149233	0	269	46404526	177377051
1990	6	576972	158479	0	270	48076633	177558460
1990	7	577327	154263	0	271	44925529	177734497
1990	8	577706	170810	0	272	44202345	177916895
1990	9	578096	146920	0	273	41099063	178099783
1990	10	578485	149086	0	274	46688692	178277239
1990	11	578898	151069	0	275	55430913	178461082
1990	12	579308	241913	0	276	72692766	178639457
1991	1	579743	109616	0	277	37128641	178824243
1991	2	580190	113312	0	278	32856606	179009504
1991	3	580603	136970	0	279	39138775	179177239
1991	4	581070	129665	0	280	42670660	179363386
1991	5	581533	148155	0	281	43252122	179543967
1991	6	582022	148376	0	282	43395395	179731008
1991	7	582505	164175	0	283	43767630	179912449
1991	8	583015	197663	0	284	42391433	180100374
1991	9	583536	136219	0	285	40408162	180288748
1991	10	584049	155974	0	286	46221982	180471460
1991	11	584590	161027	0	287	49917655	180660689
1991	12	585123	208164	0	288	59624766	180844222
1992	1	585683	124998	0	289	35360814	181034289
1992	2	586254	129354	0	290	36776674	181224782
1992	3	586797	128512	0	291	41184776	181403359
1992	4	587387	138864	0	292	43312825	181594651
1992	5	587967	146664	0	293	42029181	181780162
1992	6	588575	147712	0	294	45646497	181972259
1992	7	589173	181186	0	295	43803849	182158537
1992	8	589801	163601	0	296	41272017	182351410
1992	9	590437	153124	0	297	42449372	182544676
1992	10	591062	160157	0	298	44819398	182732075
1992	11	591716	144552	0	299	51676931	182926093
1992	12	592358	223921	0	300	60964471	183114218
1993	1	593031	120899	0	301	34578939	183308983
1993	2	593711	124525	0	302	36298822	183504114
1993	3	594334	129928	0	303	42229498	183680679
1993	4	595031	141099	0	304	42549590	183876504
1993	5	595714	141404	0	305	39559126	184066354
1993	6	596428	152041	0	306	43529507	184262873
1993	7	597127	180256	0	307	40684167	184453388
1993	8	597857	154362	0	308	39872638	184650598
1993	9	598595	152754	0	309	39679476	184848144
1993	10	599317	151223	0	310	43002098	185039637
1993	11	600071	153211	0	311	49701330	185237838
1993	12	600808	222051	0	312	58016741	185429962
1994	1	601577	110282	0	313	34482754	185628799
1994	2	602353	121536	0	314	35269021	185827963
1994	3	603061	139233	0	315	41467194	186008119
1994	4	603852	142038	0	316	38988812	186207876
1994	5	604624	128964	0	317	39319611	186401481
1994	6	605428	154858	0	318	42743429	186601834
1994	7	606214	166841	0	319	37560187	186796008
1994	8	607033	159570	0	320	39699447	186996944
1994	9	607858	152577	0	321	40710759	187198167
1994	10	608664	145970	0	322	42248678	187393176
1994	11	609502	152149	0	323	51089855	187594952
1994	12	610320	218721	0	324	56581429	187790494
1995	1	611172	116037	0	325	32572851	187992816
1995	2	612030	122636	0	326	35329530	188195403
1995	3	612810	137671	0	327	38673118	188378610
1995	4	613680	130160	0	328	38157308	188581699
1995	5	614527	138116	0	329	40329978	188778480
1995	6	615409	177758	0	330	42454306	188982064
1995	7	616267	252623	0	331	37606601	189179315
1995	8	617160	169453	0	332	39541105	189383380
1995	9	618059	169306	0	333	39184135	189587687
1995	10	618934	189878	0	334	41777650	189785622
1995	11	619843	273674	0	335	49006868	189990384
1995	12	620729	187287	0	336	53937922	190188757
1996	1	621649	110236	0	337	34548325	190393954
1996	2	622574	135173	0	338	36429321	190599368
1996	3	623444	124933	0	339	39416208	190791726
1996	4	624378	127043	0	340	38833395	190997549
1996	5	625287	143659	0	341	41162114	191196927
1996	6	626232	141086	0	342	41320811	191403152
1996	7	627150	158089	0	343	40275937	191602903
1996	8	628103	158429	0	344	38707415	191809512
1996	9	629060	124193	0	345	38167831	192016301
1996	10	629991	152576	0	346	44546054	192216588
1996	11	630957	153195	0	347	47999056	192423736
1996	12	631896	185272	0	348	54872930	192624361
1997	1	632870	111644	0	349	34038786	192831845
1997	2	633848	110088	0	350	34159451	193039494
1997	3	634735	122124	0	351	39316955	193227187
1997	4	635720	126836	0	352	41049739	193435140
1997	5	636677	131822	0	353	40033092	193636530
1997	6	637670	158912	0	354	41254612	193844784
1997	7	638633	161079	0	355	41418066	194046447
1997	8	639632	169979	0	356	38954697	194254981
1997	9	640634	135120	0	357	38036015	194463650
1997	10	641607	151160	0	358	44870506	194665705
1997	11	642615	138533	0	359	47482172	194874630
1997	12	643594	200715	0	360	56714200	195076927
1998	1	644608	103534	0	361	33849102	195286088
1998	2	645624	119576	0	362	34937635	195495359
1998	3	646545	141277	0	363	39262954	195684479
1998	4	647566	127591	0	364	40915661	195893955
1998	5	648557	135512	0	365	39487895	196096777
1998	6	649583	167208	0	366	44485468	196306453
1998	7	650579	158580	0	367	41144360	196509460
1998	8	651609	163913	0	368	39126123	196719316
1998	9	652642	152291	0	369	39351460	196929264
1998	10	653643	143330	0	370	43351099	197132509
1998	11	654679	153758	0	371	47997359	197342605
1998	12	655683	195681	0	372	56895208	197545992
1999	1	656723	105634	0	373	34529550	197756229
1999	2	657764	124050	0	374	34125563	197966529
1999	3	658705	151796	0	375	42688761	198156525
1999	4	659749	135415	0	376	40698260	198366935
1999	5	660760	142250	0	377	39329186	198570603
1999	6	661805	176028	0	378	47120789	198781108
1999	7	662819	151717	0	379	40968559	198984864
1999	8	663866	171766	0	380	40326324	199195446
1999	9	664915	160658	0	381	40096175	199406065
1999	10	665930	155765	0	382	44338777	199609915
1999	11	666980	163788	0	383	34343423	199820593
1999	12	667997	201977	0	384	15803956	200024489
2000	1	669047	118062	0	385	35874554	200235201
2000	2	670098	134706	0	386	40285371	200445921
2000	3	671082	155606	0	387	44131170	200643057
2000	4	672133	129691	0	388	41617789	200853794
2000	5	673014	160240	0	389	42816071	201053867
2000	6	674024	182736	0	390	49416540	201259851
2000	7	675034	146967	0	391	40172467	201465836
2000	8	676044	177095	0	392	45441372	201671820
2000	9	677053	152398	0	393	40612555	201877799
2000	10	678063	173518	0	394	46626188	202083784
2000	11	679073	168784	0	395	53032667	202289766
2000	12	680083	188035	0	396	57388017	202495748
